#功体编号	功体名称	功体叙述	提升叙述	每次重数提升能力	最高重数提升能力	经验曲线	图片icon	效果	开启条件	效果	开启条件	效果	开启条件	效果
#ID	Name	Desc	sUpgradeNotes	LevelUP	MaxUP	iExp	sIcon1	ConditionEffectID1	sConditions	ConditionEffectID2	sConditions	ConditionEffectID3	sConditions	ConditionEffectID3
60001	逍遥雁行式	逍遥心法，海纳百川，不拘一格，是以修习法门亦取逍遥物外之意，传授之初仅授强身健体之基本口诀和中心要旨，往后如何修练全凭弟子自行悟出。荆棘自军队之雁行阵中得悟，气出丹田，将全身气劲于双臂之上，一刀一剑分从两侧进击，以攻代守，锐不可当。	气血+60，内力+30<br>满重增益：暴击+5%，移动距离+1	(1,60)*(3,30)	(4,1)*(53,5)	3	NeigongImage22	100015	(10,0,60001,1)	100014	(10,0,60001,7)	100016	(10,0,60001,10)	987024
60002	小无相功	不着形相，无迹可寻，身具此功者可模拟天下武功发劲。运行此功体后，反击能力获得飞跃性的提高，并能模仿对手发劲，若与敌人所执武器相近，能以对手的武功反击对手。闪避成功后，还能获得内力持续恢复的归元状态。	气血+120，内力+50<br>满重增益：反击+10%	(1,120)*(3,50)	(52,10)	6	NeigongImage23	100042	(10,0,60002,1)	100021	(10,0,60002,7)	100051	(10,0,60002,10)	987024
60003	逍遥鹏飞式	逍遥心法，海纳百川，不拘一格，是以修习法门亦取逍遥物外之意，传授之初仅授强身健体之基本口诀和中心要旨，往后如何修练全凭弟子自行悟出。谷月轩自逍遥游中所述大鹏得悟，运气为翼，展翅千里，护友退敌，将其修习法门命名为鹏飞。	气血+80，内力+40<br>满重增益：气血+400	(1,80)*(3,40)	(1,400)	4	NeigongImage24	100011	(10,0,60003,1)	100012	(10,0,60003,7)	100013	(10,0,60003,10)	987024
60004	大湿婆密咒	孔雀王朝不传秘咒，历代都是由圣女持咒。大祭师会将咒法刺在圣女的背上，当圣女卸除职责时，通常也是她们生命告终之时。祭师团会立刻焚毁圣女的遗体，以避免密咒外传。修练此密咒，可使残肢重生，使修习者拥有神话般的自愈能力。	气血+200<br>满重增益：暴击+5%，反击+5%	(1,200)	(52,5)*(53,5)	8	NeigongImage25	100029	(10,0,60004,1)	100053	(10,0,60004,7)	100054	(10,0,60004,10)	987024
60005	日月神功	日月神功为逍遥谷进阶心法，功成者可自由调息阴阳内劲，令敌人难以应对。在战斗中运行日月神功，可以有效提升攻击力与防御力。	气血+90，内力+50<br>满重增益：暴击+5%，反击+5%，内力+200	(1,90)*(3,50)	(53,5)*(52,5)*(3,200)	7	NeigongImage26	100075	(10,0,60005,1)	100076	(10,0,60005,7)	500023	(10,0,60005,10)	987024
60006	侠隐诀	游侠傅剑寒在一次奇遇中，所习得的内功心法，可以激发出修习者自身的潜能。至于这套心法的由来、傅剑寒又是如何习得的？这又是另外一个故事了。	气血+90，内力+40<br>满重增益：暴击+10%，气血+200	(1,90)*(3,40)	(53,10)*(1,200)	6	NeigongImage27	100017	(10,0,60006,1)	100024	(10,0,60006,7)	100070	(10,0,60006,10)	987009
60007	心合意气流	配合武者呼吸吐讷，以施展拔刀术的精神统一技术，源自东瀛剑术流派。讲究心、气、技合一，只要武者进入天人合一之际，就没有斩杀不了的人。	气血+100，内力+40<br>满重增益：暴击+5%，气血+200	(1,100)*(3,40)	(53,5)*(1,200)	5	NeigongImage28	100016	(10,0,60007,1)	100017	(10,0,60007,7)	100039	(10,0,60007,10)	987009
60008	冰火玄功	体内同时拥有阴阳两道真气，并加以融会贯通，使修习者能够同时发出至阴与至阳的内力伤敌。最高能达到九重天境，被称为冰火九重天。	气血+50，内力+50<br>满重增益：闪避+10%，暴击+10%	(1,50)*(3,30)	(51,10)*(53,10)	5	NeigongImage29	100077	(10,0,60008,1)	100073	(10,0,60008,7)	100070	(10,0,60008,10)	987024
60009	龙腾豹变	卫家堡堡主银枪卫豹的成名绝技，论力，豹虽不及虎，然胜在行动迅速，神出鬼没。此功精妙之处即在一「变」字，八方挪移、分气化劲、易筋变穴皆为此功奥妙所在。	气血+50，内力+30<br>满重增益：闪避+8%，移动距离+1	(1,50)*(3,30)	(4,1)*(51,8)	3	NeigongImage30	100077	(10,0,60009,1)	100045	(10,0,60009,7)	100147	(10,0,60009,10)	987009
60010	天罡功	河洛大侠江天雄所创，辅以其三十六路天罡拳法，可发挥出最大威力。其运功脉络与天相暗合，乃依循自然天道法门，使内劲生生不息，永不枯竭。	气血+80，内力+40<br>满重增益：暴击+5%，气血+200	(1,80)*(3,40)	(53,5)*(1,200)	6	NeigongImage31	100067	(10,0,60010,1)	100026	(10,0,60010,7)	100064	(10,0,60010,10)	987024
60011	八卦心法	走如风，站如钉，扣摆转换步法清。腰为纛，气为旗，眼观六路手足先。行如龙，坐如虎，动似江河静如山。阴阳手，上下翻，沉肩坠肘气归丹。抱六合，勿散乱，气遍身躯得自然。扣摆步，仔细盘，转换进退在腰间。	气血+90，内力+40<br>满重增益：反击+5%，暴击+5%	(1,90)*(3,40)	(53,5)*(52,5)	7	NeigongImage33	100060	(10,0,60011,1)	100069	(10,0,60011,7)	100034	(10,0,60011,10)	987024
60012	千仞诀	点苍派心法，点苍山山云景变幻万千，所以其武学也千变万化，令对手捉摸不定。	气血+100，内力+50<br>满重增益：暴击+5%，移动+1	(1,100)*(3,50)	(53,5)*(4,1)	7	NeigongImage33	100017	(10,0,60012,1)	100041	(10,0,60012,7)	100034	(10,0,60012,10)	987009
60013	毒龙功	毒龙教必修功法，引各种毒虫噬咬，让毒素入体，藉毒锻炼内力。久而久之便能免疫多数毒物，且内功也会带有毒性。此功练到精深时，甚至可以将诸般蛊毒融于体内。	气血+40，内力+40<br>满重增益：闪避+10%，气血+300	(1,42)*(3,24)	(51,10)*(1,300)	4	NeigongImage33	100062	(10,0,60013,1)	100061	(10,0,60013,7)	100064	(10,0,60013,10)	987009
60014	七弦神功	弦剑山庄的镇派心法，取意自七种与乐音有关的典故。心法要旨乃将乐音与内功相结合，以此扰敌，甚至伤敌于无形。第七重伯牙绝弦号称一曲既终，万籁俱寂。昔年弦剑山庄第二任庄主便曾以此扬名天下，但在他之后再无人达到此境界。	气血+100，内力+50<br>满重增益：暴击+5%，反击+5%，闪避+5%，移动距离+1	(1,100)*(3,50)	(4,1)*(12,5)	8	NeigongImage33	100048	(10,0,60014,1)	100141	(10,0,60014,7)	100142	(10,0,60014,10)	987024
60015	武当九阳神功	武当九阳功，本与少林、峨眉两派之九阳功系出同源，三派过去在因缘际会下各自录去部分九阳功。武当祖师张三丰时当年幼，故所习得九阳功最为精纯。张三丰以九阳功的武学理论与内功要旨为基础，开创了武当一派。而武当九阳功经由一代宗师张三丰百余年间不断完善，隐隐比峨眉、少林两派高出一头。	气血+70，内力+70<br>满重增益：暴击+5%，气血+300[-][/c]<br>一重：回复 七重：暴击后左右互搏 十重：必中	(1,70)*(3,70)	(53,5)*(1,300)	7	NeigongImage33	100025	(10,0,60015,1)	100070	(10,0,60015,7)	100039	(10,0,60015,10)	987024
60016	武当九阳玄功	武当九阳功，本与少林、峨眉两派之九阳功系出同源，三派过去在因缘际会下各自录去部分九阳功。武当祖师张三丰时当年幼，故所习得九阳功最为精纯。张三丰以九阳功的武学理论与内功要旨为基础，开创了武当一派。而武当九阳功经由一代宗师张三丰百余年间不断完善，隐隐比峨眉、少林两派高出一头。	气血+120，内力+40<br>满重增益：反击+10%，气血+500	(1,120)*(3,40)	(52,10)*(1,500)	7	NeigongImage33	100025	(10,0,60016,1)	500016	(10,0,60016,7)	100013	(10,0,60016,10)	987024
60017	降魔功	青城派武功源于道家一脉，属正一道，青城派始祖据说便是道教天师张陵。张陵少时于山中吐纳练气，见蛟与虎相搏于谷中，以此受到启发，得悟出一门练气功法。将真气化为清浊二分，于丹田处融合交会，生克之间，既能压制修练时的心魔干扰，更能激发出所有潜力。奈何自三国后佛教渐兴，唐朝民间笃信佛教，数次佛道之争，导致经文残缺佚失，一部绝世内功流传至今已十不存一。	气血+90，内力+50<br>满重增益：气血+300，内力+200	(1,90)*(3,50)	(1,300)*(3,200)	6	NeigongImage33	100029	(10,0,60017,1)	100028	(10,0,60017,7)	100039	(10,0,60017,10)	987009
60018	神剑诀	铸剑山庄先祖传下的一套使剑心法，据传乃是先祖研习独孤九剑的心得概要，仅能配合剑法使用，是故铸剑山庄中人大多配剑。然而铸剑山庄数十年前因遭逢巨变，不再以修习武艺为主，改专精于铸剑之后，此套心法便因修习之人日益减少，而渐趋失传。	气血+60，内力+40<br>满重增益：气血+300，抗暴+10%	(1,60)*(3,40)	(1,300)*(57,10)	5	NeigongImage33	100017	(10,0,60018,1)	100048	(10,0,60018,7)	100016	(10,0,60018,10)	987024
60019	天山心法	何傲天自石洞中得到的武功心法，行功之法与逍遥派武学颇有异曲同工之妙。在自身丹田中凝聚内力，使其盘桓不散，并将外敌所击来的真气卸开化去，令其难以伤己。恰如风雪乍停，明月出岫，哪怕风雪再大，终究无法永远遮掩那轮明月。精擅此功者，与功力相若之人对拚内力，往往能因其功法特性而立于不败之地。	气血+60，内力+40<br>满重增益：闪避+5%，气血+200，内力+200	(1,60)*(3,40)	(51,5)*(1,200)*(3,200)	6	NeigongImage33	100050	(10,0,60019,1)	100077	(10,0,60019,7)	100039	(10,0,60019,10)	987009
60020	少林九阳功	少林九阳功，本与武当、峨眉两派之九阳功系出同源，三派过去在因缘际会下各自录去部分九阳功。当时得闻经文的少林寺禅师武功极高，高屋建瓴，故得九阳功之「高」。少林九阳功与精纯浑厚的武当九阳功相比，随不及其醇厚，但光论其发力运劲之法，却有其独到精妙之处。	气血+120，内力+60<br>满重增益：抗反+10%，抗暴+10%，气血+200	(1,120)*(3,60)	(57,10)*(56,10)*(1,200)	7	NeigongImage33	100049	(10,0,60020,1)	100018	(10,0,60020,7)	100030	(10,0,60020,10)	987024
60021	峨嵋九阳功	峨嵋九阳功，本与少林、武当两派之九阳功系出同源，三派过去在因缘际会下各自录去九阳功之一部。峨嵋派祖师所学甚广，得九阳功之博，功法虽不如少林、武当二派精纯，然而论法门之多样奥妙，峨眉派乃三派九阳功之首。	气血+100，内力+50<br>满重增益：反击+10%，移动距离+1	(1,100)*(3,50)	(4,1)*(52,10)	6	NeigongImage33	100059	(10,0,60021,1)	100029	(10,0,60021,7)	100013	(10,0,60021,10)	987024
60022	霹雳心法	霹雳堂流传的内功，据说为孔巴拉所创，经上文字叙述奇诡莫明，原本只限定教主方能得传。但霹雳堂经舞秋风之乱，堂主意外失踪，这套功法几已失传，只留下部分残篇与历代堂主的修练心得。秦斯龙接掌堂主后，便把残篇公开给霹雳堂众人学习。	气血+80，内力+30<br>满重增益：暴击+5%，内力+300	(1,80)*(3,30)	(53,5)*(3,300)	4	NeigongImage33	100065	(10,0,60022,1)	100035	(10,0,60022,7)	100034	(10,0,60022,10)	987009
60023	金风心法	金风镖局的内功心法，取西方神兽白虎之形象，主刀兵肃杀。要旨为如虎踞高岗长啸，猛扑猎物之势，锐不可挡。以此心法御使大刀最为得心应手。	气血+70，内力+30<br>满重增益：闪避+5%，气血+200，内力+200	(1,70)*(3,30)	(51,5)*(1,200)*(3,200)	5	NeigongImage33	100077	(10,0,60023,1)	500018	(10,0,60023,7)	100045	(10,0,60023,10)	987009
60024	清心普散咒	此心法源自于琴曲，经百花楼历代掌门人之手，蜕变成一套特异的内功。修习此内功需佐以音律，以特殊方法弹奏此曲，可逐步提升自己修为。且清心普善咒本就有压制心魔，遏止真气骚乱的效用，能令修练者安然渡过修练时所遇上的艰险瓶颈。	气血+90，内力+40<br>满重增益：闪避+5%	(1,90)*(3,40)	(51,5)	6	NeigongImage33	100038	(10,0,60024,1)	100029	(10,0,60024,7)	100053	(10,0,60024,10)	987009
60025	五毒心经	毒龙教宝典，内里记载天下诸般蛊毒炼制法，以及各式毒功，无所不包。甚至可将人练成传说中的五毒赤焰体。但此经已被人盗走，五毒教正在倾全力追寻此本毒经下落。	气血+150，内力+100<br>满重增益：气血+300，内力+200	(1,150)*(3,100)	(1,300)*(3,200)	6	NeigongImage33	100062	(10,0,60025,1)	100063	(10,0,60025,7)	100064	(10,0,60025,10)	987024
60026	兽王功	兽王庄武学招式俱来自于野兽，而人碍与自身所限，虽能模仿野兽之形，却无法如同野兽那般或灵动、或力拔千钧、或威猛无俦。兽王功正是兽王庄为克服此弱点而创的内功法诀。可以说，凡是兽王庄中人都必须修练此套心法，否则无法习得本门最高深的招式。	气血+80，内力+40<br>满重增益：暴击+5%，气血+300，内力+200	(1,80)*(3,40)	(53,5)*(1,300)*(3,200)	7	NeigongImage33	100031	(10,0,60026,1)	100032	(10,0,60026,7)	100052	(10,0,60026,10)	987009
60027	九纹龙啸功	史义过去落难在南海上某孤岛时，意外找到的武功秘籍。功法共分九层，以长啸激发内力，让内劲在胸腹间鼓荡，获得爆发性的力量提升。可惜他捡到的这本密笈后半已被海水尽失，字迹已不可考，只余前面两重的字迹勉强可辨识。	气血+80，内力+40<br>满重增益：暴击+5%，气血+300，内力+200	(1,80)*(3,40)	(53,5)*(1,300)*(3,200)	8	NeigongImage33	100067	(10,0,60027,1)	100058	(10,0,60027,7)	100028	(10,0,60027,10)	987009
60028	忘忧心法	据传当年曾有三位前辈高人隐居于此，并将自己一生武学精要与人生感悟录于谷中一块大白石上，其中有一段文字提及：「与杨施主华山一行后，便隐居于百花谷，不闻世事，忘忧问道。」其后多有高手隐士于此避世，也俱在白石上留下毕生所学。之后有人据石上所刻，将此谷易名为忘忧谷，而石上所刻诸般武学，则被称为忘忧心法。是故，忘忧心法不单是一家一派所学。	气血+50，内力+30<br>满重增益：闪避+5%，抗爆+5%，气血+300	(1,50)*(3,30)	(51,5)*(57,5)*(1,300)	3	NeigongImage33	100025	(10,0,60028,1)	100059	(10,0,60028,7)	100147	(10,0,60028,10)	987024
60029	太易星辰诀	塔娅自星象塔中自悟的一套心法。脱胎于阿拉伯星象学与黄道十二宫，并融合了中国周易以及鬼谷子策略。其中道理博大精深，复杂难解。主要是用以辅佐塔娅的另外一套数术要诀「万物皆数」。两相结合之下，让塔娅能仅凭推演便能理解各种武学招式的变幻，乃至于内功运行之法。	气血+40，内力+60<br>满重增益：气血+300	(1,40)*(3,60)	(1,300)	4	NeigongImage33	100019	(10,0,60029,1)	100049	(10,0,60029,7)	100077	(10,0,60029,10)	987009
60030	万物皆数	传说中数术大师霍无俦所创，此人曾是桃花岛主，东邪之师，是个融会中西方学问的大贤者，亦是武功极高之人。其根据哲学、武道与数学所创出的「万物皆数」，强调任何招式都有迹可循，只要算出对方的下一步动作，便能先发制人，与独孤九剑颇有异曲同工之妙。	内力+50<br>满重增益：内力+500[-]	(3,50)	(3,500)	5	NeigongImage33	100044	(10,0,60030,1)	100064	(10,0,60030,7)	0	(10,0,60030,10)	987009
60031	飞燕功	史燕自创的内功，刺激腿足的诸关窍穴道，激发出更快的速度。短时间内可奔行如飞，且进退趋避如燕雀般灵活。	气血+40，内力+30<br>满重增益：闪避+10%	(1,40)*(3,30)	(51,10)	4	NeigongImage33	100040	(10,0,60031,1)	100014	(10,0,60031,7)	100039	(10,0,60031,10)	987009
60032	隐元韬晦诀	隐元阁特有的内功心法。此心法与其说是修练功法，不如说是疏导或辅助真气的运行。倘若是身负严重内伤、走火入魔、体内真气失控或是体内具有他人灌入的异种真气者修习，能大有裨益。但对于普通人来说，只是一门尚佳的练气法门。似乎藏有隐密……	气血+10，内力+10<br>满重增益：气血+2000，内力+2000	(1,10)*(3,10)	(1,2000)*(3,2000)	10	NeigongImage33	100130	(10,0,60032,1)	100131	(10,0,60032,7)	100133	(10,0,60032,10)	987009
60033	无涯古圣功	岳晓遥游历时和诸多高人切磋交手，从而体悟的一套旷古绝今的绝世内功心法。此内功基础出于道家，兼容儒、释各家，只需小成，不论何门何派武学，皆可信手捻来，毫无滞塞。据说，此功法之名亦是岳晓遥为了纪念启发他的恩人，而刻意以恩人的名字谐音命名。但又有一说，此功法流传了上百年，但岳晓遥年纪却不过三十开来。究竟事实为何？恐怕也无人知晓了。	气血+300，内力+100<br>满重增益：暴击、反击、闪避+50%	(1,300)*(3,100)	(51,50)*(52,50)*(53,50)	10	NeigongImage33	500015	(10,0,60033,1)	500013	(10,0,60033,7)	500016	(10,0,60033,10)	910069
60034	清心诀	峨嵋派多为女弟子，武功路子虽属佛门正宗，却偏阴柔。冰心诀正是为了让峨嵋女弟子更易于修炼，而诞生的一套内功。此套功法循序渐进，修行时能宁心定神，可堪称江湖上一流的内功心法。	气血+50，内力+20<br>满重增益：气血+300	(1,50)*(3,20)	(1,300)	3	NeigongImage33	100011	(10,0,60034,1)	100044	(10,0,60034,7)	0	(10,0,60034,10)	987009
60035	紫霞神功	华山派的镇派心法，在江湖上享誉已久，人道：『华山九功，第一紫霞』。初时若有若，宛若云霞。而一旦水到渠成，则铺天盖地，势不可挡。发功之人脸上会闪现紫气，故由此得名紫霞。	气血+120，内力+150<br>满重增益：气血+300，反击+10%	(1,120)*(3,150)	(1,300)*(52,10)	9	NeigongImage33	100037	(10,0,60035,1)	100021	(10,0,60035,7)	100043	(10,0,60035,10)	987024
60036	血刀经	血刀门赖以成名的绝技，此经不单单是内功运用心法，更能配合血刀刀法施展，乃是一门专门用以御使血刀刀法的独特内功。	气血+120，内力+30<br>满重增益：内力+300，暴击+5%	(1,120)*(3,30)	(3,300)*(53,3)	6	NeigongImage33	100035	(10,0,60036,1)	100065	(10,0,60036,7)	100016	(10,0,60036,10)	987009
60037	野拳神功	据传为当年小虾米大侠所创的内功，于发劲一途上别出心裁。然而由于之后野拳门传人皆资质平庸，这套神功也随之蒙尘，更有许多关窍处已经失传，不复当年威名。	内力+100，暴击+2%<br>满重增益：暴击+10%	(53,2)*(3,100)	(53,10)	8	NeigongImage33	910031	(10,0,60037,1)	987210	(10,0,60037,7)	987211	(10,0,60037,10)	987024
60038	莲花经	丐帮成员多是乞儿，目不识丁，修练的内功口诀自然不会文辞精妙。莲花经便是根据乞丐乞讨时常唱的莲花落改成，乃是丐帮入门心法。	气血+70，内力+40<br>满重增益：闪避+5%，气血+300，内力+100	(1,70)*(3,40)	(51,5)*(1,300)*(3,100)	6	NeigongImage33	100101	(10,0,60038,1)	0	(10,0,60038,7)	0	(10,0,60038,10)	987009
60039	金刚不坏体	少林派的顶级外功，初练时会有数个罩门，随着修为高低而渐趋减少。一旦罩门被破，重则丧命，轻则武功尽失。但一旦此功大成，会犹如被一金铸大钟包覆，宝刀宝剑难伤。但此法易学难精，真正练到周身无罩门者鲜矣。此功法可说是由外而内的武功心法。	气血+140，内力+50<br>满重增益：气血+500	(1,140)*(3,50)	(1,500)	7	NeigongImage33	100051	(10,0,60039,1)	100018	(10,0,60039,7)	100012	(10,0,60039,10)	987024
60040	罗汉降魔功	由金刚伏魔圈演变而来的内功，浩荡正大，至刚至阳，尽显佛门护法之威仪。此功法善于克制邪派武学，可说是不亚于七十二绝技的至高心法。唯一可惜处便是此功法修习极为艰难，若不得体悟罗汉护法真意，怕是终生无法寸进。	气血+120，内力+50<br>满重增益：气血+300，内力+200	(1,120)*(3,50)	(1,300)*(3,200)	8	NeigongImage33	100036	(10,0,60040,1)	100051	(10,0,60040,7)	100034	(10,0,60040,10)	987024
60041	修罗心法	阿修罗将修罗宫原本的心法大幅改进补遗后，仍以修罗心法为名。但运使内功之法已大异其趣，远较原本的更为狠辣强悍。	气血+100，内力+50<br>满重增益：暴击+10%	(1,100)*(3,50)	(52,10)	5	NeigongImage33	987204	(10,0,60041,1)	987205	(10,0,60041,7)	987206	(10,0,60041,10)	987024
60042	华陀医典	传说华陀亲手所书青囊经已被昔年看守的狱卒焚去，曹操亡故后，其子曹丕遣人搜罗华佗为人医治奇症杂病的经历，集结为医典。但后世多以为此书乃是一代名医托名华陀所著。	气血+150，内力+70<br>满重增益：气血+300	(1,150)*(3,70)	(1,300)	5	NeigongImage33	100029	(10,0,60042,1)	100064	(10,0,60042,7)	100077	(10,0,60042,10)	987009
60043	道生一	西方贤者所创的武功，原名『一为全，全为一』。塔娅受中原文化熏陶，决此名略显不雅，故意译为『道生一』。此武功根源于哲学，需勘透万物本质，以本质为一，而衍生诸般万象。	气血+150，内力+60<br>满重增益：抗暴、抗反+60%	(1,150)*(3,60)	(56,60)*(57,60)	7	NeigongImage33	100082	(10,0,60043,1)	100019	(10,0,60043,7)	0	(10,0,60043,10)	987009
60044	玉女心法	古墓派祖师所创，行功法门别开蹊径，需二人同练，互为臂助，否则立时有走火入魔之险。前六重心法都是专为克制全真派武学，但到了第七重却转为与全真派武学互补。	气血+80，内力+40<br>满重增益：闪避+10%	(1,80)*(3,40)	(51,10)	5	NeigongImage33	100079	(10,0,60044,1)	100040	(10,0,60044,7)	100014	(10,0,60044,10)	987024
60045	龙蛰功	东南海中有民，善渔，可潜水数时辰而不需上浮换气，谓之鲛人。其实所谓鲛人，乃是修习了一部极为特异的功法，吸气入体，散之五脏储存，是以可以长时间闭气。	气血+80，内力+40<br>满重增益：气血+200，内力+180	(1,80)*(3,40)	(1,200)*(3,180)	4	NeigongImage33	100011	(10,0,60045,1)	100034	(10,0,60045,7)	0	(10,0,60045,10)	987009
60046	金蛇宝典	相传为金蛇郎君所遗之秘籍，不仅有剑法，更记载二十四枚金蛇锥锥法、拳掌，乃至破五行阵之法。可谓集金蛇郎君毕生所学之大全。曾有武林高手得以一观此宝典，叹道：金蛇郎君，不啻为一代怪杰。	气血+100，内力+50<br>满重增益：闪避+10%	(1,100)*(3,50)	(51,10)	8	NeigongImage33	100014	(10,0,60046,1)	100033	(10,0,60046,7)	100039	(10,0,60046,10)	987024
60047	如月宝鉴	此功法极为特异，乃是加强修练者对内力的精确应用。修练此功法并不会增强内力修为，但大多数人凡是使用内劲，或多或少都会因为发力运用的不完美，而导致内力有所溢散，而如月宝鉴能大大补丸此一缺陷。此功分为弦月、半月、圆月三种，分别对应三成、五成、全力。	气血+100<br>满重增益：命中+10%，暴击+5%，闪避+5%，反击+5%	(1,50)	(53,5)*(55,10)*(51,5)*(52,5)	5	NeigongImage33	987232	(10,0,60047,1)	987233	(10,0,60047,7)	987234	(10,0,60047,10)	987024
60048	灵飞经	一门提升纵越闪避的特殊内功，不仅庭除廊庑之间驱退若神，长途竞走亦是奔行如飞。此功练成后，草上飞、一苇渡江自不用说，纵跃时在无可借力的半空中可再一次上窜或改换方向，如凌虚御空。	气血+40，内力+35<br>满重增益：闪避+5%[-][/c]<br>一重：闪避后噬气 七重：闪避后聚气	(1,40)*(3,35)	(51,5)	3	NeigongImage33	100073	(10,0,60048,1)	100074	(10,0,60048,7)	0	(10,0,60048,10)	987009
60049	地煞无极功	七十二地煞乃凶杀大恶之星。此功法取其义，集结地煞七十二术诸般阴毒狠辣之法而成，威力无俦，故又名之谓无极。行功之时，因七十二术中有掩日、假形等法门，便是使得如同正道耆宿般正气浩然，亦不是不可能。	气血+120，内力+50<br>满重增益：气血+500	(1,120)*(3,50)	(1,500)	10	NeigongImage33	987235	(10,0,60049,1)	500089	(10,0,60049,7)	987236	(10,0,60049,10)	910069
60050	沧海一笑	一代怪儒所创的特殊功法，吸气入肚腹之中，以真气使之鼓荡，再以内力扬声长笑的同时吐出，以此震晕敌人。	气血+50，内力+30<br>满重增益：命中+12%	(1,50)*(3,30)	(55,12)	8	NeigongImage33	900009	(10,0,60050,1)	910097	(10,0,60050,7)	100025	(10,0,60050,10)	987009
60051	白首太玄经	无名荒岛上洞窟内石壁上所记载的一套绝世神功，石壁上所刻乃是李白的侠客行五言古诗，古诗共二十四句，亦有二十四间石室，诗文旁批注乃是为误导参悟者，若照批注修练，有害而无益。修习此法的真正关键不在于文字，而在于图像与笔画走势。	气血+250，内力+200<br>满重增益：反击+10%，暴击+10%	(1,250)*(3,200)	(52,10)*(53,10)	10	NeigongImage33	987207	(10,0,60051,1)	987208	(10,0,60051,7)	987209	(10,0,60051,10)	910069
60052	九阳神功	此功是夹藏于梵语楞伽经，以中文书就，个中道理并非单出自佛门，乃是博取诸家，融会贯通，集一切武学之至理。也因此，神功大成后，天下诸般武学皆可取而用之。九阳神功性属至阳，却非独阳，刚柔并济，练成后百毒不侵，更是一切寒毒与阴寒内力的克星。	气血+250，内力+100<br>满重增益：气血+500，内力+200	(1,250)*(3,100)	(1,500)*(3,200)	11	NeigongImage33	910168	(10,0,60052,1)	910169	(10,0,60052,7)	910170	(10,0,60052,10)	910069
60053	洗髓经	与易筋经并列少林七十二绝技。此门功法乃是由外而内，先强身，后练筋骨，再强化五脏六腑，终至洗髓。过程中内功自成，练至高深处，便是不动用真气，随意一击都能有数人合力之威。	气血+200，内力+180<br>满重增益：气血+500，内力+250	(1,200)*(3,180)	(1,500)*(3,250)	10	NeigongImage33	987216	(10,0,60053,1)	100054	(10,0,60053,7)	987217	(10,0,60053,10)	910069
60054	东方宝典	日出东方，生生不息，此功宗旨可概括为一句。习练此功，内力的运转更为圆融，且可用内力刺激自身，增进气血的回复能力。虽非绝顶功法，但其功效不容小觑。	气血+90，内力+50<br>满重增益：抗暴、抗反、命中+10%	(1,90)*(3,50)	(55,10)*(56,10)*(57,10)	6	NeigongImage33	100025	(10,0,60054,1)	100024	(10,0,60054,7)	100038	(10,0,60054,10)	987009
60055	金雁功	全真派的一门内功，藉由吐息来锻炼轻身功夫。最终提气纵越能如金雁横空，在江湖上名头不下于武当梯云纵。	气血+50，内力+40<br>满重增益：闪避+5%，移动格数+1	(1,50)*(3,40)	(4,1)*(51,5)	5	NeigongImage33	100077	(10,0,60055,1)	987214	(10,0,60055,7)	500176	(10,0,60055,10)	987009
60056	虎啸功	虎啸龙腾，向来为中国武学两大形意。虎啸功为金刀王家的独有内功，出招时藉由吐气吶喊，让筋力得以倍增，极为霸道。但也如狂风骤雨般虽声势浩大，难以抗衡，却同样无法持久，如遇上内力悠长，善于守备的对手，便难以发挥自身所长。	气血+90，内力+40<br>满重增益：气血+400	(1,90)*(3,40)	(1,400)	6	NeigongImage33	100068	(10,0,60056,1)	100065	(10,0,60056,7)	100015	(10,0,60056,10)	987024
60057	禅宗莲华功	与少林同源的禅宗佛门功夫，但更强调直指人心，见性成佛。相传为中国唐代时的一位高僧所著，此书不仅是武学心法，亦阐扬佛理。经文言简意赅，以个人物性解读有所不同，所能体悟修练的境界亦有高低之分。	气血+70，内力+30<br>满重增益：气血+200	(1,70)*(3,30)	(1,200)	3	NeigongImage33	100025	(10,0,60057,1)	100050	(10,0,60057,7)	100028	(10,0,60057,10)	987009
60058	吸星大法	此套功法可吸收他人之内力以为己用，或将真气排出。由大理段氏残存的北冥神功及星宿派化功大法融合为一，主要承传自化功大法一支，称为吸星大法。	内力+150<br>满重增益：暴击+5%，抗暴+10%	(3,150)	(53,5)*(57,10)	6	NeigongImage33	100020	(10,0,60058,1)	100047	(10,0,60058,7)	100046	(10,0,60058,10)	987024
60059	太极神功	武当祖师张三丰所创，乃是内家心法的表率，也是第一等的内功。与寻常武学理论大不相同，讲究阴阳相济，以柔韵刚，以慢御快。太极功寓至繁于至简中，经文浅显易懂，寻常人亦可轻易学习入门功法，以此练气养生。	气血+120，内力+50<br>满重增益：反击+10%	(1,120)*(3,50)	(52,10)	7	NeigongImage33	100021	(10,0,60059,1)	100026	(10,0,60059,7)	100043	(10,0,60059,10)	987024
60060	易筋经	少林七十二绝技之一，也是世上最为绝顶的武学，相传为达摩祖师融合天竺瑜珈所创。修习方式可参照秘籍上的图像由外而内；亦可熟读详解经文，由内而外。经文仅寥寥数百余字，但无一不是武学至理。	气血+250，内力+200<br>满重增益：气血+500	(1,250)*(3,200)	(1,500)	11	NeigongImage33	987221	(10,0,60060,1)	100055	(10,0,60060,7)	100054	(10,0,60060,10)	910069
60061	明玉功	亦是绝顶的内家正宗心法，共分十重，原理大异于世间武学。大成时，运功时肌肤通透如玉，功力不会往外发散，而是向内收敛，故而运功不损内力，而体内真气生生不息，反而会逐步增加。	气血+120，内力+50<br>满重增益：暴击+5%，闪避+5%[-][/c]<br>一重：冰冻 七重：累进攻击 十重：闪避	(1,120)*(3,50)	(14,3)*(53,5)	8	NeigongImage33	100078	(10,0,60061,1)	100015	(10,0,60061,7)	100033	(10,0,60061,10)	987024
60062	九阴飞絮	江湖上最为绝顶的功夫之一，书中所记载的武学包罗万象，博大精深，威力无俦。「天之道，损有余而补不足，是故虚胜实，不足胜有余。其意博，其理奥，其趣深。天地之像分，阴阳之侯烈，变化之由表，死生之兆章。」可谓九阴真经之宗旨。	气血+100，内力+50<br>满重增益：暴击+10%，移动距离+1	(1,100)*(3,50)	(53,10)*(4,1)	8	NeigongImage33	100019	(10,0,60062,1)	100017	(10,0,60062,7)	100077	(10,0,60062,10)	987024
60063	先天功	昔年重阳真人｢中神通｣的武学心法，相传为上古时期的人祖｢伏羲｣衍先天八卦后所创，此功法集天地之灵气、日月之精华，自古以来，即为道家至高无上的修真练气法诀。	气血+200，内力+150<br>满重增益：气血+500，内力+300	(1,200)*(3,150)	(1,500)*(3,300)	10	NeigongImage33	100026	(10,0,60063,1)	100043	(10,0,60063,7)	100025	(10,0,60063,10)	910069
60064	蛟龙翻江	敖广自创的一套内功心法。时时在大江出海口的怒涛中锻炼，让他的内功已臻至一流高手之境。内功如钱塘大潮，一浪迭过一浪，旧力未消，新力已生，重重堆栈下，令敌人无可抵挡。	气血+80，内力+40<br>满重增益：暴击+5%，抗暴+10%，气血+300[-][/c]<br>一重：恐惧 七重：周遭敌人降闪避 十重：累进攻击	(1,80)*(3,40)	(53,5)*(1,300)*(57,10)	6	NeigongImage33	100068	(10,0,60064,1)	100052	(10,0,60064,7)	100015	(10,0,60064,10)	987024
60065	倚天屠龙功	武当真人张三丰所创的武功，原本是铁笔银钩的短兵近身战法，后人从中领悟出一套内功，可配合武当派的调息功夫。	气血+70，内力+40<br>满重增益：反击+5%	(1,70)*(3,40)	(52,5)	5	NeigongImage33	100039	(10,0,60065,1)	100043	(10,0,60065,7)	100013	(10,0,60065,10)	987009
60066	意寒神功	昔年雪山派独门内功，练功者全身会发出隐隐寒气。	气血+60，内力+40<br>满重增益：反击+5%，暴击+5%	(1,60)*(3,40)	(52,5)*(53,5)	6	NeigongImage33	100041	(10,0,60066,1)	100064	(10,0,60066,7)	100078	(10,0,60066,10)	987009
60067	混元功	混元功另辟蹊径，由外而内修练，虽说修炼费时且见效慢，但没有走火入魔的危险，练成后临敌应战时招式中自有内劲相附，威力极大。	气血+100，内力+80<br>满重增益：气血+500[-][/c]<br>一重：回复 七重：免疫暴击 十重：暴击后霸体	(3,80)*(1,100)	(1,500)	8	NeigongImage33	100025	(10,0,60067,1)	100051	(10,0,60067,7)	100034	(10,0,60067,10)	987024
60068	药王神篇	由「毒手药王」所著，乃药王庄至宝，九成为治病救伤的医道，一成则为练毒施毒，种植毒草、培养毒虫之法。	气血+100<br>满重增益：气血+500[-][/c]<br>一重：免疫中毒 七重：回复 十重：周遭回复	(1,100)	(1,500)	4	NeigongImage33	500093	(10,0,60068,1)	100025	(10,0,60068,7)	100029	(10,0,60068,10)	987009
60069	十王走马势	谷月轩自弦箫洞棋局中所领悟到的运气方法，讲究先弃后取，请君入瓮，自身受伤愈重愈能反激出破敌之力。	气血+80，内力+50<br>满重增益：反击+8%	(1,80)*(3,50)	(52,8)	3	NeigongImage33	910122	(10,0,60069,1)	910123	(10,0,60069,7)	910124	(10,0,60069,10)	987009
60070	星宿心法	当年星宿老怪所创的毒功，威力强大。	气血+100，内力+40<br>满重增益：气血+300，内力+200	(1,100)*(3,40)	(1,300)*(3,200)	6	NeigongImage33	910130	(10,0,60070,1)	910128	(10,0,60070,7)	100061	(10,0,60070,10)	987009
60071	声无哀乐	萧复自声无哀乐论中所领悟出来的奏琴技法，以无情之音动有情之人，心境空明之下洞悉对手思绪，寥寥数声便能使闻者心神大乱，魂牵梦萦。	内力+100<br>满重增益：暴、反、闪+5	(3,100)	(51,5)*(52,5)*(53,5)	5	NeigongImage33	710003	(10,0,60071,1)	710004	(10,0,60071,7)	710005	(10,0,60071,10)	987009
60072	化功大法	星宿老怪模仿北冥神功，以毒功为基本。本已失传，但江湖上似乎仍有残篇流传……	气血+80，内力+120<br>满重增益：气血+200，内力+300	(1,80)*(3,120)	(1,200)*(3,300)	9	NeigongImage33	100063	(10,0,60072,1)	100064	(10,0,60072,7)	100062	(10,0,60072,10)	987024
60073	龙象般若功	藏传密宗佛门的绝世武学，每一击都有龙象之力，功力成倍递增。	气血+180，内力+120<br>满重增益：暴击+10%，内力+500	(1,180)*(3,120)	(53,10)*(3,500)	8	NeigongImage33	100015	(10,0,60073,1)	100065	(10,0,60073,7)	100034	(10,0,60073,10)	987024
60074	苗蛊毒功	苗疆一带引蛊毒入体，修练内功之余，也会使体质和内力带毒。	气血+60，内力+40<br>满重增益：闪避+5%	(1,60)*(3,40)	(51,5)	6	NeigongImage33	500023	(10,0,60074,1)	100061	(10,0,60074,7)	0	(10,0,60074,10)	987024
60075	玄冥神功	昔年玄冥二老所修习的阴毒内功，已随二老身死而绝迹江湖。曾有一说，此功法其实根源于道家，乃高深的心法。	气血+100，内力+80<br>满重增益：暴击+5%，反击+5%	(1,100)*(3,80)	(52,5)*(53,5)	7	NeigongImage33	100078	(10,0,60075,1)	100017	(10,0,60075,7)	100024	(10,0,60075,10)	987024
70001	北冥无相功	北冥神功失传后，前几代掌门将残篇与小无相功相合，另辟蹊径创出的高深心法。	气血+160，内力+200<br>满重增益：内力+500，反击+10%	(1,160)*(3,200)	(52,10)*(3,500)	10	NeigongImage33	100021	(10,0,70001,1)	100042	(10,0,70001,7)	100043	(10,0,70001,10)	910069
70002	冷泉映月	胡家心法。以此心法配合快刀刀法，更有效益。	气血+140，内力+140<br>满重增益：暴击+5%	(1,140)*(3,140)	(53,5)	7	NeigongImage33	100036	(10,0,70002,1)	100074	(10,0,70002,7)	100023	(10,0,70002,10)	987009
70003	化功大法	星宿老怪模仿北冥神功，以毒功为基本。本已失传，但江湖上似乎仍有残篇流传……	无	(1,100)*(3,180)	(53,5)	9	NeigongImage33	100063	(10,0,70003,1)	100064	(10,0,70003,7)	100068	(10,0,70003,10)	987024
70004	紫霞功	华山气宗镇派内功，实为江湖上一流的儒家武学心法。	气血+80，内力+100 <br>满重增益：气血+200，反击+5%	(1,80)*(3,100)	(52,5)*(1,200)	6	NeigongImage32	100037	(10,0,70004,1)	100041	(10,0,70004,7)	100043	(10,0,70004,10)	987009
70005	神农琉璃功	数十年前百草门在神农架采药时，意外获得一块骨片，上面刻有一套内功修练图录。	气血+200，内力+100 <br>满重增益：气血+300	(1,200)*(3,100)	(1,300)	6	NeigongImage33	100029	(10,0,70005,1)	100044	(10,0,70005,7)	100030	(10,0,70005,10)	987024
70006	绣春刀阵	锦衣卫分进合击的配合法门。	无	(1,200)*(3,200)	(53,5)	6	NeigongImage33	100037	(10,0,70006,1)	100051	(10,0,70006,7)	100023	(10,0,70006,10)	987009
70007	天罗地网势	疑为昔年程、陆二人所收门徒传下的古墓派武功。可惜大半都已不全。	无	(1,200)*(3,200)	(53,5)	6	NeigongImage33	100033	(10,0,70007,1)	100038	(10,0,70007,7)	0	(10,0,70007,10)	987009
70008	莲花落阵	丐帮弟子必学的阵法，彼此配合之下，可发挥数倍实力。	无	(1,200)*(3,200)	(53,5)	6	NeigongImage33	100080	(10,0,70008,1)	100011	(10,0,70008,7)	0	(10,0,70008,10)	987009
70009	行天功	关家家传武功心法，配合大刀刀法，颇有几分威力。	气血+110，内力+110 <br>满重增益：气血+300	(1,110)*(3,110)	(1,500)	7	NeigongImage33	100039	(10,0,70009,1)	100050	(10,0,70009,7)	100011	(10,0,70009,10)	987024
70010	金风心法	金风镖局历经数代，集数十名镖头镖师所长而成的武学。粗浅易懂，却非滥俗的武功。	无	(1,200)*(3,200)	(53,5)	6	NeigongImage33	100077	(10,0,70010,1)	100045	(10,0,70010,7)	0	(10,0,70010,10)	987009
70011	天剑诀	刀剑门传下的心法，天剑门专精于剑，所悟得的多为御剑法门。	气血+110，内力+110 <br>满重增益：暴击+8%	(1,110)*(3,110)	(53,8)	6	NeigongImage33	100070	(10,0,70011,1)	100015	(10,0,70011,7)	100024	(10,0,70011,10)	987024
70012	绝刀势	刀剑门传下的心法，绝刀门专精于刀，所悟得的多为使刀诀窍。	气血+110，内力+110 <br>满重增益：防暴+10%	(1,110)*(3,120)	(57,10)	6	NeigongImage33	100055	(10,0,70012,1)	100032	(10,0,70012,7)	100012	(10,0,70012,10)	987024
70013	天山有雨	天山心法，源出于逍遥派，揉合何傲天自身所悟，宗旨近于道家。	气血+110，内力+110 <br>满重增益：闪避+5%	(1,110)*(3,110)	(51,5)	7	NeigongImage33	100049	(10,0,70013,1)	100077	(10,0,70013,7)	100038	(10,0,70013,10)	987009
70014	三苦神功	唐门心法，取意三苦八难，却与佛门之说无关。	气血+110，内力+110 <br>满重增益：暴击+5%	(1,110)*(3,110)	(53,5)	7	NeigongImage33	100035	(10,0,70014,1)	100062	(10,0,70014,7)	100058	(10,0,70014,10)	987024
70015	易筋经	少林七十二绝技之一，也是世上最为绝顶的武学，相传为达摩祖师融合天竺瑜珈所创。修习方式可参照秘籍上的图像由外而内；亦可熟读详解经文，由内而外。经文仅寥寥数百余字，但无一不是武学至理。	无	(1,200)*(3,200)	(1,500)	9	NeigongImage33	987221	(10,0,70015,1)	100055	(10,0,70015,7)	100054	(10,0,70015,10)	910069
70016	太极神功	武当祖师张三丰所创，乃是内家心法的表率，也是第一等的内功。与寻常武学理论大不相同，讲究阴阳相济，以柔韵刚，以慢御快。太极功寓至繁于至简中，经文浅显易懂，寻常人亦可轻易学习入门功法，以此练气养生。	无	(1,200)*(3,200)	(52,10)	8	NeigongImage33	100021	(10,0,70016,1)	100026	(10,0,70016,7)	100043	(10,0,70016,10)	987024
70017	降龙神功	柯降龙所习的内功，刚猛无俦，已窥见阳极阴生的端倪。	气血+200，内力+200 <br>满重增益：暴击+10%	(1,200)*(3,200)	(53,10)	9	NeigongImage33	100011	(10,0,70017,1)	100015	(10,0,70017,7)	100034	(10,0,70017,10)	910069
70018	万剑归宗	剑圣自修的内功，经过数十年如一日不断完善，已臻第一流武功心法。	气血+200，内力+200 <br>满重增益：暴击+10%	(1,200)*(3,200)	(53,10)	10	NeigongImage33	100081	(10,0,70018,1)	100014	(10,0,70018,7)	100050	(10,0,70018,10)	910069
70019	龙象般若功	藏传密宗佛门的绝世武学，每一击都有龙象之力，功力成倍递增。	无	(1,200)*(3,200)	(53,10)	7	NeigongImage33	100015	(10,0,70019,1)	100065	(10,0,70019,7)	100034	(10,0,70019,10)	987024
70020	霸秦神功	龙王所修习的无上内功，取义秦王霸道征天下之意。一往向前，以霸道蹂躏征服敌人。	气血+200，内力+200 <br>满重增益：暴击+10%	(1,200)*(3,200)	(53,10)	10	NeigongImage33	100011	(10,0,70020,1)	100082	(10,0,70020,7)	100083	(10,0,70020,10)	910069
70021	蛇虿大法	罗蛇君所擅长的阴毒内功，其中毒性多变，伤者如不得名医圣手施救，必死无疑。	气血+160，内力+160 <br>满重增益：反击+8%	(1,160)*(3,160)	(52,8)	7	NeigongImage33	100055	(10,0,70021,1)	100051	(10,0,70021,7)	100061	(10,0,70021,10)	987024
70022	吞吐诀	吃所学的一门独特练气之法，非出自于中土，吃之所以暴食，也与其这门内功有关。	气血+120，内力+160 <br>满重增益：暴击+5%	(1,120)*(3,160)	(53,5)	6	NeigongImage33	100031	(10,0,70022,1)	100065	(10,0,70022,7)	987213	(10,0,70022,10)	987009
70023	酩酊诀	喝的独门内功，越喝越醉，越醉越强。	气血+140，内力+140 <br>满重增益：反击+5%	(1,140)*(3,140)	(52,5)	6	NeigongImage33	100032	(10,0,70023,1)	100069	(10,0,70023,7)	500115	(10,0,70023,10)	987009
70024	九九神功	从房中术演变而来，其实原为玄黄之术，却被嫖硬生生练成了下九流的恶心功法。	气血+120，内力+140 <br>满重增益：闪避+5%	(1,120)*(3,140)	(51,5)	6	NeigongImage33	100033	(10,0,70024,1)	100073	(10,0,70024,7)	100077	(10,0,70024,10)	987009
70025	六合功	早年和人相赌时意外获得的一门奇功，不单单是武功心法，亦记载了奇门遁甲之术。	气血+140，内力+120 <br>满重增益：命中+5%	(1,140)*(3,120)	(55,5)	6	NeigongImage33	100019	(10,0,70025,1)	100040	(10,0,70025,7)	100079	(10,0,70025,10)	987009
70026	八部龙神阵	天龙教教众的阵法，可借邻近众人之力为己用。	气血+160，内力+160 <br>满重增益：气血+200，内力+200	(1,160)*(3,160)	(1,200)*(3,200)	5	NeigongImage33	987115	(10,0,70026,1)	0	(10,0,70026,7)	0	(10,0,70026,10)	987009
70027	甲贺忍法帖	天意城杀手的武学，疑似出自扶桑国。	气血+160，内力+160 <br>满重增益：气血+200，内力+200	(1,160)*(3,160)	(1,200)*(3,200)	5	NeigongImage33	100111	(10,0,70027,1)	0	(10,0,70027,7)	0	(10,0,70027,10)	987009
70028	梵天造化功	天王的武学，恐已是当代最强的武功心法，已超脱一般人所能理解之范畴。	气血+200，内力+200 <br>满重增益：气血+1000	(1,200)*(3,200)	(1,1000)	10	NeigongImage33	987237	(10,0,70028,1)	987238	(10,0,70028,7)	987239	(10,0,70028,10)	910069
70029	葵花宝典	昔年在江湖上引起轩然大波的神秘武功。据传，已被毁去，但事实上真是如此吗?	无	(1,200)*(3,200)	(53,5)*(4,1)	10	NeigongImage33	100074	(10,0,70029,1)	100016	(10,0,70029,7)	100014	(10,0,70029,10)	910069
70030	孔雀密咒	源于天竺的武学，修习方法极为传说中的瑜珈。	无	(1,200)*(3,200)	(53,5)	7	NeigongImage33	100034	(10,0,70030,1)	100029	(10,0,70030,7)	100054	(10,0,70030,10)	987024
70031	旱魃奇毒	傀尸炼尸之十，长年接触秘药和尸毒，尸毒入骨又产生异变，而变为更为猛烈的旱魃奇毒。	无	(1,200)*(3,200)	(53,5)	1	NeigongImage33	100061	(10,0,70031,1)	100062	(10,0,70031,7)	100063	(10,0,70031,10)	987024
70032	尸控	尸身之所以会动，乃是因为傀尸以线操作尸体行动。	气血+200，内力+120 <br>满重增益：命中+5%	(1,200)*(3,120)	(55,5)	5	NeigongImage33	100072	(10,0,70032,1)	100062	(10,0,70032,7)	0	(10,0,70032,10)	987024
70033	九阴真经	江湖上最为绝顶的功夫之一，书中所记载的武学包罗万象，博大精深，威力无俦。「天之道，损有余而补不足，是故虚胜实，不足胜有余。其意博，其理奥，其趣深。天地之像分，阴阳之侯烈，变化之由表，死生之兆章。」可谓九阴真经之宗旨。	无	(1,200)*(3,200)	(53,5)	9	NeigongImage33	100019	(10,0,70033,1)	100017	(10,0,70033,7)	100077	(10,0,70033,10)	910069
70034	血海魔功	柯尔克借鉴血刀经，将其更动改异为适合自己所用。	无	(1,200)*(3,200)	(53,5)	7	NeigongImage33	100035	(10,0,70034,1)	100016	(10,0,70034,7)	100065	(10,0,70034,10)	987024
70035	九阴残经	源于九阴真经，所载乃速成法门，虽初习时威力极大，却难登一流之境。	无	(1,200)*(3,200)	(53,5)	7	NeigongImage33	100019	(10,0,70035,1)	100017	(10,0,70035,7)	100077	(10,0,70035,10)	987024
70036	天邪神功	心残因缘际会下所得的内功心法，要旨在激发潜能，瞬间爆发出骇人的伤害。	无	(1,200)*(3,200)	(53,5)	7	NeigongImage33	100016	(10,0,70036,1)	100058	(10,0,70036,7)	100015	(10,0,70036,10)	987024
70037	玄冥神功	昔年玄冥二老所修习的阴毒内功，已随二老身死而绝迹江湖。曾有一说，此功法其实根源于道家，乃高深的心法。	无	(1,200)*(3,200)	(53,5)	7	NeigongImage33	100078	(10,0,70037,1)	100053	(10,0,70037,7)	100014	(10,0,70037,10)	987024
70038	寒蝠大阵	蝙蝠受欧阳笑操控，自发结成阵势攻击所有活物。	气血+100，内力+200 <br>满重增益：闪避+5%，身法上限+5	(1,100)*(3,200)	(51,5)*(18,5)	5	NeigongImage33	500023	(10,0,70038,1)	100033	(10,0,70038,7)	0	(10,0,70038,10)	987024
70039	无间大法	阎罗早年时意外获得的奇功，但修练时因体内阴气沉郁，导致肤色转为酱紫。	气血+190，内力+160 <br>满重增益：暴击+5%	(1,190)*(3,160)	(53,5)	10	NeigongImage33	100013	(10,0,70039,1)	100055	(10,0,70039,7)	100064	(10,0,70039,10)	910069
70040	苗蛊毒功	苗疆一带引蛊毒入体，修练内功之余，也会使体质和内力带毒。	无	(1,200)*(3,200)	(53,5)	7	NeigongImage33	500023	(10,0,70040,1)	100061	(10,0,70040,7)	100049	(10,0,70040,10)	987024
70041	妄魂三绝	以奇诡难测之法迷惑旁人的，并非上乘武学，但孟婆却将其发挥到了极致。	气血+120，内力+100 <br>满重增益：暴击+5%	(1,120)*(3,100)	(53,5)	7	NeigongImage33	100056	(10,0,70041,1)	100066	(10,0,70041,7)	100064	(10,0,70041,10)	987024
70042	杀神七诀	横炼的武功，完全契合罗煞的血性，死战不休，唯有燃烧至灰才会停下猛烈的进攻。	气血+120，内力+130 <br>满重增益：暴击+5%	(1,120)*(3,130)	(53,5)	7	NeigongImage33	100035	(10,0,70042,1)	100015	(10,0,70042,7)	0	(10,0,70042,10)	987024
70043	阴阳双生大法	黑白无常两人习练的一套合击武学，必须两人心意相通，合使此套武功才能发挥其中威力。	气血+140，内力+140 <br>满重增益：命中+5%	(1,140)*(3,140)	(55,5)	6	NeigongImage33	100068	(10,0,70043,1)	70023	(10,0,70043,7)	100064	(10,0,70043,10)	987009
70044	幽冥之息	阎罗将所学武功简化后，传授给亲信的酆都死士。此套武功绝不逊色于各大门派的武学。	无	(1,200)*(3,200)	(53,5)	6	NeigongImage33	987167	(10,0,70044,1)	100017	(10,0,70044,7)	0	(10,0,70044,10)	987009
70045	兽性大发	野兽的天生求生欲望，濒临危险时，显得更加凶猛。	无	(1,200)*(3,200)	(53,5)	5	NeigongImage33	987189	(10,0,70045,1)	0	(10,0,70045,7)	0	(10,0,70045,10)	910167
70046	泼猴拜观音	泼猴野性大发，你真以为能学到什么绝世武功吗?	无	(1,200)*(3,200)	(53,5)	5	NeigongImage33	100070	(10,0,70046,1)	0	(10,0,70046,7)	0	(10,0,70046,10)	987009
70047	魔高一丈功	滥大街的不入流武功，偏偏取了个乍看之下颇为霸气的名字。没文化，伤不起啊。	无	(1,200)*(3,200)	(53,5)	5	NeigongImage33	100070	(10,0,70047,1)	100073	(10,0,70047,7)	0	(10,0,70047,10)	987009
70048	三千若水	扶桑阴阳师借用中国道家理论，综合而成的内功心法。	无	(1,200)*(3,200)	(53,5)	5	NeigongImage33	500015	(10,0,70048,1)	100016	(10,0,70048,7)	100020	(10,0,70048,10)	910069
70049	飞天御剑流	传自扶桑战国时代的超神速剑法，可惜没学到家。	无	(1,200)*(3,200)	(53,5)	5	NeigongImage33	100075	(10,0,70049,1)	100076	(10,0,70049,7)	100037	(10,0,70049,10)	987009
70050	无妄神功	无妄：元亨利贞。 其匪正有眚，不利有攸往。	无	(1,200)*(3,200)	(53,5)	5	NeigongImage33	100013	(10,0,70050,1)	100023	(10,0,70050,7)	100024	(10,0,70050,10)	910069
70051	魔音穿脑	受魔音操控，自发结成阵势攻击所有活物。	无	(1,200)*(3,200)	(53,5)	5	NeigongImage33	910004	(10,0,70051,1)	0	(10,0,70051,7)	0	(10,0,70051,10)	910069
70052	莲花落阵	丐帮弟子必学的阵法，彼此配合之下，可发挥数倍实力。	无	(1,200)*(3,200)	(53,5)	5	NeigongImage33	100101	(10,0,70052,1)	0	(10,0,70052,7)	0	(10,0,70052,10)	910069
70053	天剑阵	天剑门弟子必学的阵法，彼此配合之下，可发挥数倍实力。	无	(1,200)*(3,200)	(53,5)	5	NeigongImage33	100103	(10,0,70053,1)	0	(10,0,70053,7)	0	(10,0,70053,10)	910069
70054	绝刀阵	绝刀门弟子必学的阵法，彼此配合之下，可发挥数倍实力。	无	(1,200)*(3,200)	(53,5)	5	NeigongImage33	100104	(10,0,70054,1)	0	(10,0,70054,7)	0	(10,0,70054,10)	910069
70055	天羽阵	天山弟子必学的阵法，奇妙万千，难以测度。	无	(1,200)*(3,200)	(53,5)	5	NeigongImage33	100105	(10,0,70055,1)	0	(10,0,70055,7)	0	(10,0,70055,10)	910069
70056	唐门镖阵	唐门弟子必学的阵法，彼此配合，让暗器覆盖面更大更广。	无	(1,200)*(3,200)	(53,5)	5	NeigongImage33	100106	(10,0,70056,1)	0	(10,0,70056,7)	0	(10,0,70056,10)	910069
70057	八卦阵	八卦门弟子必学的阵法，非仅仅是合力攻击，而是蕴含五行八卦之理。可惜商氏父子不擅长此道。	无	(1,200)*(3,200)	(53,5)	5	NeigongImage33	100107	(10,0,70057,1)	0	(10,0,70057,7)	0	(10,0,70057,10)	910069
70058	七剑大阵	铸剑山庄镇庄之阵，着重守御，七名护剑使为一组，以沉重的钢剑互相掩护配合，弥补自身弱点。	无	(1,200)*(3,200)	(53,5)	5	NeigongImage33	100108	(10,0,70058,1)	0	(10,0,70058,7)	0	(10,0,70058,10)	910069
70059	血鲨阵	海鲨帮从军队战阵之法中偷师，虽不若江湖门派的玄妙，但人数越多，越能见其威力。	无	(1,200)*(3,200)	(53,5)	5	NeigongImage33	100109	(10,0,70059,1)	0	(10,0,70059,7)	0	(10,0,70059,10)	910069
70060	修罗怒杀阵	修罗宫几乎绝足江湖，无人能一窥其中奥妙。	无	(1,200)*(3,200)	(53,5)	5	NeigongImage33	100112	(10,0,70060,1)	0	(10,0,70060,7)	0	(10,0,70060,10)	987009
70061	雌雄龙虎阵	青城镇派阵法，分阴阳龙虎二阵，需彼此配合方能发挥其中威力。	无	(1,200)*(3,200)	(53,5)	5	NeigongImage33	100113	(10,0,70061,1)	0	(10,0,70061,7)	0	(10,0,70061,10)	910069
70062	紫霞大阵	华山得传紫霞功的菁英弟子方能学习的的剑阵，气劲交相辉映，无孔不入，难以抵挡。	无	(1,200)*(3,200)	(53,5)	5	NeigongImage33	100114	(10,0,70062,1)	0	(10,0,70062,7)	0	(10,0,70062,10)	910069
70063	铜人刀阵	少林铜人阵习练刀法弟子必学的阵法，彼此配合，联合进击，固若金汤。	无	(1,200)*(3,200)	(53,5)	5	NeigongImage33	100115	(10,0,70063,1)	0	(10,0,70063,7)	0	(10,0,70063,10)	910069
70064	铜人棍阵	少林铜人阵习练棍法弟子必学的阵法，彼此配合，联合进击，固若金汤。	无	(1,200)*(3,200)	(53,5)	5	NeigongImage33	100116	(10,0,70064,1)	0	(10,0,70064,7)	0	(10,0,70064,10)	910069
70065	铜人拳阵	少林铜人阵习练拳掌弟子必学的阵法，彼此配合，联合进击，固若金汤。	无	(1,200)*(3,200)	(53,5)	5	NeigongImage33	100117	(10,0,70065,1)	0	(10,0,70065,7)	0	(10,0,70065,10)	910069
70066	江湖内功	江湖上滥俗的武功。	气血+100，内力+100 <br>满重增益：暴击+5%	(1,100)*(3,100)	(53,5)	5	NeigongImage33	100070	(10,0,70066,1)	0	(10,0,70066,7)	0	(10,0,70066,10)	987009
70067	武林内功	江湖上滥俗的武功。	气血+150，内力+150 <br>满重增益：反击+5%	(1,150)*(3,150)	(52,5)	5	NeigongImage33	100070	(10,0,70067,1)	0	(10,0,70067,7)	0	(10,0,70067,10)	987009
70068	侠客内功	江湖上滥俗的武功。	气血+100，内力+200 <br>满重增益：闪避+5%	(1,100)*(3,200)	(51,5)	5	NeigongImage33	100070	(10,0,70068,1)	0	(10,0,70068,7)	0	(10,0,70068,10)	987009
70069	正气诀	华山派的调息心法，对于修练内力与根骨有相当帮助。	内力+40 [c][12C0D3]<br>满重增益：根骨上限+5[-][/c]<br>回复内力	(3,40)	(16,5)	4	NeigongImage33	100131	(10,0,70069,1)	100149	(10,0,70069,7)	100152	(10,0,70069,10)	987009
70070	连山诀	华山派的调息心法，对于修练气血与臂力有相当帮助。	气血+80 [c][12C0D3]<br>满重增益：臂力上限+5[-][/c]<br>回复气血	(1,80)	(15,5)	4	NeigongImage33	100130	(10,0,70070,1)	100148	(10,0,70070,7)	100151	(10,0,70070,10)	987009
70071	梯云踪	武当派轻身法门，修练至顶重，可使修为者的身法上限得到突破。此外修练过程中，对于内力提升也有少许帮助。	内力+30 [c][12C0D3]<br>满重增益：身法上限+5 移动格数+1[-][/c]<br>一重：闪避增加 七重：神行	(3,30)	(18,5)*(4,1)	4	NeigongImage33	100132	(10,0,70071,1)	100014	(10,0,70071,7)	100153	(10,0,70071,10)	987009
70072	玄女经	古道家房中秘术，深信阴阳调合之道。若是修练得当，对修为者自身大有帮助。	气血+60，内力+30 [c][12C0D3]<br>满重增益：臂力上限+5，身法上限+5[-][/c]<br>回复内力，气血	(1,60)*(3,30)	(15,5)*(18,5)	6	NeigongImage33	100131	(10,0,70072,1)	100148	(10,0,70072,7)	100152	(10,0,70072,10)	987009
70073	真武蛇阵	武当弟子入门学习的的两套剑阵之一，此为灵活擅攻的蛇阵。	无	(1,200)*(3,200)	(53,5)	5	NeigongImage33	900054	(10,0,70073,1)	0	(10,0,70073,7)	0	(10,0,70073,10)	987009
70074	真武龟阵	武当弟子入门学习的的两套剑阵之一，此为沉稳固守的龟阵。	无	(1,200)*(3,200)	(53,5)	5	NeigongImage33	900055	(10,0,70074,1)	0	(10,0,70074,7)	0	(10,0,70074,10)	987009
70075	七截阵头	武当阵派大阵:真武七截阵的简易版。虽然威力略逊，但习练也较为简单。	无	(1,200)*(3,200)	(53,5)	5	NeigongImage33	100029	(10,0,70075,1)	100033	(10,0,70075,7)	0	(10,0,70075,10)	987009
70076	天雪功	花郎于长白山大雪中所悟的武功秘诀，天下绝无仅有。	无	(1,200)*(3,160)	(4,1)*(51,5)	5	NeigongImage33	910076	(10,0,70076,1)	910077	(10,0,70076,7)	0	(10,0,70076,10)	987024
70077	九阴真经	天之道，损有余而补不足，是故虚胜实，不足胜有余。	气血+100，抗暴、抗反、命中+1% [c][12C0D3]<br>满重增益：四维+5，四维上限+5[-][/c]<br>暴击后霸体	(1,100)*(55,1)*(56,1)*(57,1)	(11,5)*(12,5)*(13,5)*(14,5)*(15,5)*(16,5)*(17,5)*(18,5)	9	NeigongImage33	100034	(10,0,70077,1)	0	(10,0,70077,7)	0	(10,0,70077,10)	987024
70078	左右互搏之术	当年中顽童所创的功夫，修练者必须要能左手画方、右手画圆，心分二用。	气血+50，内力+30 [c][12C0D3]<br>满重增益：抗反+10%[-][/c]<br>左右互搏	(1,50)*(3,30)	(56,10)	6	NeigongImage25	100119	(10,0,70078,1)	0	(10,0,70078,7)	0	(10,0,70078,10)	987009
70079	金翼神功	白神捕最为人所津津乐道的除了爪功，便是这套阳刚轻灵的内功。	无	(1,200)*(3,200)	(51,8)*(4,1)	7	NeigongImage33	500014	(10,0,70079,1)	500008	(10,0,70079,7)	500003	(10,0,70079,10)	987024
70080	雷霆心法	骆家家传功法，势若三千雷动，迅猛凌厉。	无	(1,180)*(3,180)	(53,8)*(54,8)	7	NeigongImage32	910087	(10,0,70080,1)	500029	(10,0,70080,7)	0	(10,0,70080,10)	987009
70081	神龙密咒	昔年神龙教不传密咒，可使人发挥十倍潜能。	气血+60，内力+40 [c][12C0D3]<br>满重增益：暴击+5%[-][/c]<br>一重：累进攻击 七重：狂暴 十重：暴击后霸体	(1,60)*(3,40)	(53,5)	7	NeigongImage33	100017	(10,0,70081,1)	100035	(10,0,70081,7)	100034	(10,0,70081,10)	987009
70082	密宗心法	密宗一派的武功心法，习练到深处，顶门会凹陷下去，面色如铜。	无	(1,200)*(3,200)	(1,300)*(3,300)	5	NeigongImage33	910116	(10,0,70082,1)	0	(10,0,70082,7)	0	(10,0,70082,10)	987009
70083	武林群侠传	从无名的落魄书生写的江湖小说中领悟出的心法。这本小说描述了初出茅庐的少年偶逢名师，后成为一代高手的故事。与寻常小说不同的是，小说一共分三个结局，一个结局成为武林盟主、一个成为魔教统领、一个则是西域安国侯。书中每次遇到选择时，读者可以自由决定要怎么进行下去，依据选择翻到不同页码，就像游戏书似的。如此别开生面的书，却似乎不为坊间一般人接受，真是可惜之至。	气血+50，内力+30 [c][12C0D3]<br>满重增益：悟性+5，闪避与反击+7%[-][/c]<br>一重：周遭抗暴击提升 七重：周遭暴击提升 十重：周遭内力回复	(1,50)*(3,30)	(13,5)*(51,7)*(52,7)	6	NeigongImage33	910138	(10,0,70083,1)	910139	(10,0,70083,7)	910140	(10,0,70083,10)	987009
70084	居合道	东瀛拔刀术，讲究一击必杀的杀人美学。	不传之密	(1,100)*(3,100)*(52,1)	(52,10)*(55,10)	6	NeigongImage33	910143	(10,0,70084,1)	500038	(10,0,70084,7)	0	(10,0,70084,10)	987009
70085	强化肉体	刺激穴道，将内力散步周身，强化身体能力。近似于铁布衫之类的硬功。	不传之密	-1,250	-1,500	6	NeigongImage33	500022	(10,0,70085,1)	500025	(10,0,70085,7)	500038	(10,0,70085,10)	910149
70086	烈日诀	极阳的炽热内功，练到完满之境，可谓人间太阳。	不传之密	(1,100)*(3,100)*(51,1)*(14,1)	(51,10)*(14,10)	6	NeigongImage33	500017	(10,0,70086,1)	500014	(10,0,70086,7)	910146	(10,0,70086,10)	987009
70087	战斗演舞曲	一个稀少蛮族所流传的特殊战斗方法，常人无法明白其中奥妙。	不传之密	(1,200)*(3,200)	(12,10)*(14,10)	6	NeigongImage33	500038	(10,0,70087,1)	910148	(10,0,70087,7)	500042	(10,0,70087,10)	987009
70088	鼎心无量功	紫绫搜集无数毒虫，并放入神木王鼎中炼制七七四十九天后、得出鼎心无量毒丹。服用毒丹后，再辅以自身毒术根基，将内力转化为剧毒而成的功体。可说是天下第一毒功！	气血+80，内力+50 [c][12C0D3]<br>满重增益：内力+300，闪避+5%[-][/c]<br>一重：毒焚 七重：毒盾 十重：毒息	(1,80)*(3,50)	(3,300)*(51,5)	7	NeigongImage33	910173	(10,0,70088,1)	910174	(10,0,70088,7)	910175	(10,0,70088,10)	987024
70089	嫁衣神功	嫁衣神功是一门非常奇特的武功，典故出自秦韬玉诗〈贫女〉最后两句：「苦恨年年压金线，为他人做嫁衣裳」。所谓「嫁衣」就是新娘礼服， 穷苦人家的女子每年收到订单制做嫁衣，可是年复一年自己都嫁不出去，由诗中句意可以推知「嫁衣」二字纯为利他，所以这种武功自己炼了也没用，功力越高受苦越深，就像贫女一样「苦恨年年压金线」却是「为他人做嫁衣裳」。	气血+50 [c][12C0D3]<br>满重增益：内力+500[-][/c]	(1,50)	-3,500	10	NeigongImage33	910181	(10,0,70089,1)	0	(10,0,70089,7)	0	(10,0,70089,10)	987024
70090	闭穴功夫	昔日绝情谷公孙家的家传武功，习练条件极难，但练成后不惧点穴之类武功。	气血+130，内力+120 <br>满重增益：抗暴、抗反+5%	(1,130)*(3,120)	(56,5)*(57,5)	7	NeigongImage33	910072	(10,0,70090,1)	100069	(10,0,70090,7)	100076	(10,0,70090,10)	987009
70091	少林铁布衫	少林绝学，以硬功、气功为基础，可承受外来之击而无损于自身，大成者周身坚硬逾铁，刀剑难伤。	气血+100 [c][12C0D3]<br>满重增益：抗暴+15%[-][/c]<br>一重：坚守 五重：横练	-1,100	(57,15)	5	NeigongImage33	100076	(10,0,70091,1)	500036	(10,0,70091,7)	0	(10,0,70091,10)	987009
87001	无间心法	阎罗在阿鼻岛悟出的神功。	提升描述	0	0	5	NeigongImage33	987001	(10,0,87001,1)	0	(10,0,87001,7)	0	(10,0,87001,10)	987009
87002	蛟龙翻江	敖广自创的一套内功心法。时时在大江出海口的怒涛中锻炼，内功如钱塘大潮，一浪迭过一浪，旧力未消，新力已生，重重堆栈下，令敌人无可抵挡。	气血+80，内力+40 [c][12C0D3]<br>满重增益：臂力+5，抗暴+10%，气血+300[-][/c]<br>一重：恐惧 七重：周遭敌人降闪避 十重：累进攻击	0	0	6	NeigongImage33	987010	(10,0,87002,1)	0	(10,0,87002,7)	0	(10,0,87002,10)	987009
87003	龙蛰功	东南海中有民，善渔，可潜水数时辰而不需上浮换气，谓之鲛人。其实所谓鲛人，乃是修习了一部极为特异的功法，吸气入体，散之五脏储存，是以可以长时间闭气。	气血+80，内力+40 [c][12C0D3]<br>满重增益：内力+180[-][/c]<br>一重：回复 十重：暴击后霸体	0	0	4	NeigongImage33	987012	(10,0,87003,1)	0	(10,0,87003,7)	0	(10,0,87003,10)	987009
87004	神枪阵	爆击时附加重伤，周遭一格友方，防御+5<br>阵若实用者，莫枪若也———《武备志》<br>【此为阵法，免疫内伤】	周身一格，防御+5	0	0	4	NeigongImage33	987015	(10,0,87004,1)	0	(10,0,87004,7)	0	(10,0,87004,10)	987009
87005	杀神七诀	横炼的武功，完全契合罗煞的血性，死战不休，唯有燃烧至灰才会停下猛烈的进攻。	0	0	0	5	NeigongImage33	987017	(10,0,87005,1)	0	(10,0,87005,7)	0	(10,0,87005,10)	987009
87006	绝杀阵	天罗地网：周身2格敌方闪避-10~20%<br>冷血：气血低于40%，增加命中和伤害<br>绝杀：连斩<br>【此为阵法，免疫内伤】	0	0	0	6	NeigongImage33	987022	(10,0,87006,1)	987097	(10,0,87006,7)	987003	(10,0,87006,10)	987009
87007	绣魂点魄	出自葵花宝典的邪功，此功法乃由他人所绶，非自练可得，绶功者以银针刺激习功者穴道，强行引出真气，能在片刻使习功者身负十多年功力修为；然而由于是强行引出，对人体器官会造成极大负荷，不但会使习功者寿命大减，且习功者若一日不练此功，便会感到全身剧痛，使习功者永远受绶功者之摆布。	0	0	0	6	NeigongImage33	987004	(10,0,87007,1)	987023	(10,0,87007,7)	0	(10,0,87007,10)	987024
87008	无妄神功	无妄：元亨利贞。 其匪正有眚，不利有攸往。	0	0	0	5	NeigongImage33	100013	(10,0,87008,1)	0	(10,0,87008,7)	0	(10,0,87008,10)	987024
87009	妄魂三绝	以奇诡难测之法迷惑旁人的，并非上乘武学，但孟婆却将其发挥到了极致。	0	0	0	7	NeigongImage33	987069	(10,0,87009,1)	0	(10,0,87009,7)	0	(10,0,87009,10)	987009
87010	野兽本能：鸡	迷你体型：闪避+50%<br>天佑：减伤40%<br>鸡飞狗跳：血量80%以下，增加移动格数	0	0	0	0	NeigongImage34	987037	(10,0,87010,1)	0	(10,0,87010,7)	0	(10,0,87010,10)	987009
87011	野兽本能：鳄鱼	皮粗肉厚：血量50%以上，减伤20%<br>食压：周身一格，攻击、防御下降15%<br>老饕之怒：血量50%以下，狂怒	0	0	0	0	NeigongImage35	987038	(10,0,87011,1)	0	(10,0,87011,7)	0	(10,0,87011,10)	987009
87012	野兽本能：狼	噬杀饮血：吸收攻击伤害150%气血<br>忠诚灵性：血量60%以上，保护一格内同伴<br>临危反应：血量50%以下，增加闪避60%<br>极地抗性：减伤25%、负向状态免疫	0	0	0	0	NeigongImage36	987039	(10,0,87012,1)	0	(10,0,87012,7)	0	(10,0,87012,10)	987009
87013	野兽本能：小狼	娇小体型：闪避+40%<br>无辜眼神：减伤30%<br>调皮捣蛋：爆击、闪避时敌方点穴	0	0	0	0	NeigongImage37	987040	(10,0,87013,1)	0	(10,0,87013,7)	0	(10,0,87013,10)	987009
87014	野兽本能：小猴子	娇小体型：闪避+40%<br>无辜眼神：减伤30%<br>泼猴：暴击发动后，获得左右互搏状态<br>醉意：累进增加攻击，防御，最多到400	0	0	0	0	NeigongImage38	987041	(10,0,87014,1)	0	(10,0,87014,7)	0	(10,0,87014,10)	987009
87015	生死簿	判官独门功法。	0	0	0	0	NeigongImage33	987072	(10,0,87015,1)	0	(10,0,87015,7)	0	(10,0,87015,10)	987009
87016	双生大法。阴	黑白双煞独门功法。	0	0	0	0	NeigongImage33	987081	(10,0,87016,1)	0	(10,0,87016,7)	0	(10,0,87016,10)	987009
87017	双生大法。阳	黑白双煞独门功法。	0	0	0	0	NeigongImage33	987084	(10,0,87017,1)	0	(10,0,87017,7)	0	(10,0,87017,10)	987009
87018	苗蛊毒功	苗疆一带引蛊毒入体，修练内功之余，也会使体质和内力带毒。	0	0	0	0	NeigongImage33	987078	(10,0,87018,1)	0	(10,0,87018,7)	0	(10,0,87018,10)	987009
87019	大刀阵	周身一格，反击+10<br>【此为阵法，免疫内伤】	0	0	0	0	NeigongImage33	987093	(10,0,87019,1)	0	(10,0,87019,7)	0	(10,0,87019,10)	987024
87020	残花宝鉴	飞殇：神行；累进闪避，最多到40%<br>连斩：击杀后可再行动，但内力消耗加倍<br>魅影：闪避后聚气	0	0	0	0	NeigongImage33	100016	(10,0,87020,1)	987094	(10,0,87020,7)	987095	(10,0,87020,10)	987024
87021	护龙阵	爆击免疫；周身1格友方，爆击+10~20%，爆击后，找出破绽！<br>【此为阵法，免疫内伤】	0	0	0	0	NeigongImage33	987096	(10,0,87021,1)	100051	(10,0,87021,7)	0	(10,0,87021,10)	987009
87022	飞天御剑流	传自扶桑战国时代的超神速剑法，可惜没学到家。	0	0	0	0	NeigongImage33	100075	(10,0,87022,1)	0	(10,0,87022,7)	0	(10,0,87022,10)	987009
87023	飞天御剑流	传自扶桑战国时代的超神速剑法，可惜没学到家。	0	0	0	0	NeigongImage33	100075	(10,0,87023,1)	987100	(10,0,87023,7)	0	(10,0,87023,10)	987009
87024	黑冢忍法‧樱散华	黑冢军势秘传的忍法之一，宛若樱花散落班接连将苦无朝周遭射出。	0	0	0	0	NeigongImage33	987101	(10,0,87024,1)	0	(10,0,87024,7)	0	(10,0,87024,10)	987009
87025	黑冢忍法‧草上飞	黑冢军势秘传的忍法之一，足不点地，瞬息千里。	0	0	0	0	NeigongImage33	987102	(10,0,87025,1)	0	(10,0,87025,7)	0	(10,0,87025,10)	987009
87026	黑冢忍法‧十里云雾	黑冢军势秘传的忍法之一，使用特制的烟雾弹令周遭垄罩在浓雾之中。	0	0	0	0	NeigongImage33	987103	(10,0,87026,1)	0	(10,0,87026,7)	0	(10,0,87026,10)	987009
87027	黑冢忍法‧樱散撩乱	黑冢军势秘传的高等忍法，苦无射击的密集度进一步扩大。	0	0	0	0	NeigongImage33	987104	(10,0,87027,1)	0	(10,0,87027,7)	0	(10,0,87027,10)	987009
87028	黑冢忍法‧百里云雾	黑冢军势秘传的高等忍法，烟雾弹的范围更进一步扩大。	0	0	0	0	NeigongImage33	987105	(10,0,87028,1)	0	(10,0,87028,7)	0	(10,0,87028,10)	987009
87029	黑冢忍法‧风林火山	黑冢军势秘传的高等忍法，可自由变化风林火山四种态势，号称东瀛第一忍法。	0	0	0	0	NeigongImage33	987106	(10,0,87029,1)	0	(10,0,87029,7)	0	(10,0,87029,10)	987009
87030	太阴针魄	体内某种古怪的银针令此人在濒临死亡时能够爆发出强大的力量。	0	0	0	0	NeigongImage33	987109	(10,0,87030,1)	0	(10,0,87030,7)	0	(10,0,87030,10)	987009
87031	伏虎刀阵	朝廷大刀队的制式阵法，先声夺人，威风八面。	0	0	0	0	NeigongImage33	987110	(10,0,87031,1)	0	(10,0,87031,7)	0	(10,0,87031,10)	987009
87032	六扇阵	六扇门标准阵型，首尾呼应，围而歼之。	0	0	0	0	NeigongImage33	987111	(10,0,87032,1)	0	(10,0,87032,7)	0	(10,0,87032,10)	987024
87033	金龙枪阵	朝廷长枪队的制式阵法，百枪丛生，寸步难移。	0	0	0	0	NeigongImage33	987112	(10,0,87033,1)	0	(10,0,87033,7)	0	(10,0,87033,10)	987009
87034	铁叉蛊术	铁叉部所修习的蛊术，对他们而言，蛊术不只是伤敌的手段，亦可用来救死扶伤。	0	0	0	0	NeigongImage33	987113	(10,0,87034,1)	0	(10,0,87034,7)	0	(10,0,87034,10)	987009
87035	神火炮阵	朝廷神火队的炮阵，炮车相连，左右相护。	0	0	0	0	NeigongImage33	987119	(10,0,87035,1)	0	(10,0,87035,7)	0	(10,0,87035,10)	987009
87036	江湖心法	江湖上滥俗的武功。	0	0	0	0	NeigongImage33	987120	(10,0,87036,1)	0	(10,0,87036,7)	0	(10,0,87036,10)	987009
87037	野兽本能‧公鸡	公鸡的野兽本能，行动迅捷，啼声更是振奋人心。	1	1	1	1	NeigongImage33	987120	(10,0,87037,1)	0	(10,0,87037,7)	0	(10,0,87037,10)	987009
87038	野兽本能‧母鸡	母鸡的野兽本能，行动迅捷，掩翅相护。	2	2	2	2	NeigongImage33	987121	(10,0,87038,1)	0	(10,0,87038,7)	0	(10,0,87038,10)	987009
87039	野兽本能‧熊	野熊的野兽本能，巨爪威猛无匹，身躯遮天蔽日。	3	3	3	3	NeigongImage33	987122	(10,0,87039,1)	0	(10,0,87039,7)	0	(10,0,87039,10)	987009
87040	野兽本能‧虎	老虎的野兽本能，百兽之王，闻风丧胆。	4	4	4	4	NeigongImage33	987123	(10,0,87040,1)	0	(10,0,87040,7)	0	(10,0,87040,10)	987009
87041	野兽本能‧鳄	鳄鱼的野兽本能，硬皮刀枪不入，巨颚一咬再无脱身之机。	5	5	5	5	NeigongImage33	987124	(10,0,87041,1)	0	(10,0,87041,7)	0	(10,0,87041,10)	987009
87042	野兽本能‧狼	野狼的野兽本能，林中穿梭，影踪难寻。	6	6	6	6	NeigongImage33	987125	(10,0,87042,1)	0	(10,0,87042,7)	0	(10,0,87042,10)	987009
87043	野兽本能‧鹰	老鹰的野兽本能，翼展天际，利爪寻目。	7	7	7	7	NeigongImage33	987126	(10,0,87043,1)	0	(10,0,87043,7)	0	(10,0,87043,10)	987009
87044	龙蛰功	东南海中有民，善渔，可潜水数时辰而不需上浮换气，谓之鲛人。其实所谓鲛人，乃是修习了一部极为特异的功法，吸气入体，散之五脏储存，是以可以长时间闭气。	满重的	0	0	4	NeigongImage33	987012	(10,0,87044,1)	987161	(10,0,87044,7)	0	(10,0,87044,10)	987009
87045	平南阵	沐王府精兵闻名于世的战阵，云滇山川险恶、毒虫遍布，沐王府精兵于此地驻守多年，已发展出一套于山地行军、对付毒虫瘴气的法门。	0	0	0	0	NeigongImage33	987114	(10,0,87045,1)	0	(10,0,87045,7)	0	(10,0,87045,10)	987009
87046	圣王狂热	孔雀王朝的谜样信仰，似乎越是处于逆境，便愈能激发他们反抗的力量。	0	0	0	0	NeigongImage33	987116	(10,0,87046,1)	0	(10,0,87046,7)	0	(10,0,87046,10)	987009
87047	长白枪阵	东北后金国之阵法，据说是自长白山采蔘人的技巧所演变而来。	0	0	0	0	NeigongImage33	987117	(10,0,87047,1)	0	(10,0,87047,7)	0	(10,0,87047,10)	987009
87048	青龙偃月阵	长虹镖局走镖时互相掩护的阵型，据说是自三国关云长之战阵所演变而来。	0	0	0	0	NeigongImage33	987183	(10,0,87048,1)	0	(10,0,87048,7)	0	(10,0,87048,10)	987009
87049	秋风扫叶阵	金风镖局走镖时互相掩护的阵型，步伐轻巧，驾车神速，要旨在于不与敌接战。	0	0	0	0	NeigongImage33	987184	(10,0,87049,1)	0	(10,0,87049,7)	0	(10,0,87049,10)	987009
87050	浴血凤凰阵	补血阵法	0	0	0	0	NeigongImage33	500092	(10,0,87050,1)	0	(10,0,87050,7)	0	(10,0,87050,10)	987009
90001	飞天御剑流	传自扶桑战国时代的超神速剑法，可惜没学到家。	无	(1,80)*(3,80)	(53,5)	5	NeigongImage33	100075	(10,0,90001,1)	100076	(10,0,90001,7)	100037	(10,0,90001,10)	987009
90002	血鲨阵	海鲨帮从军队战阵之法中偷师，虽不若江湖门派的玄妙，但人数越多，越能见其威力。	无	(1,80)*(3,80)	(53,5)	5	NeigongImage33	100109	(10,0,90002,1)	0	(10,0,90002,7)	0	(10,0,90002,10)	987009
90003	血海魔功	柯尔克借鉴血刀经，将其更动改异为适合自己所用。	无	(1,80)*(3,80)	(53,5)	7	NeigongImage33	100035	(10,0,90003,1)	100016	(10,0,90003,7)	100065	(10,0,90003,10)	987024
90004	神农琉璃功	数十年前百草门在神农架采药时，意外获得一块骨片，上面刻有一套内功修练图录。	气血+200，内力+100 <br>满重增益：根骨+5	(1,80)*(3,80)	(12,5)	6	NeigongImage33	100029	(10,0,90004,1)	100044	(10,0,90004,7)	100030	(10,0,90004,10)	987024
90005	兽性大发	野兽的天生求生欲望，濒临危险时，显得更加凶猛。	无	(1,80)*(3,80)	(53,5)	5	NeigongImage33	987189	(10,0,90005,1)	0	(10,0,90005,7)	0	(10,0,90005,10)	910167
90006	修罗怒杀阵	修罗宫几乎绝足江湖，无人能一窥其中奥妙。	无	(1,80)*(3,80)	(53,5)	5	NeigongImage33	100112	(10,0,90006,1)	0	(10,0,90006,7)	0	(10,0,90006,10)	987009
90007	八卦阵	八卦门弟子必学的阵法，非仅仅是合力攻击，而是蕴含五行八卦之理。可惜商氏父子不擅长此道。	无	(1,80)*(3,80)	(53,5)	5	NeigongImage33	100107	(10,0,90007,1)	0	(10,0,90007,7)	0	(10,0,90007,10)	987009
90008	七剑大阵	铸剑山庄镇庄之阵，着重守御，七名护剑使为一组，以沉重的钢剑互相掩护配合，弥补自身弱点。	无	(1,80)*(3,80)	(53,5)	5	NeigongImage33	100108	(10,0,90008,1)	0	(10,0,90008,7)	0	(10,0,90008,10)	987009
90009	唐门镖阵	唐门弟子必学的阵法，彼此配合，让暗器覆盖面更大更广。	无	(1,80)*(3,80)	(53,5)	5	NeigongImage33	100106	(10,0,90009,1)	0	(10,0,90009,7)	0	(10,0,90009,10)	987009
90010	绣春刀阵	锦衣卫分进合击的配合法门。	无	(1,80)*(3,80)	(53,5)	6	NeigongImage33	100037	(10,0,90010,1)	100051	(10,0,90010,7)	100023	(10,0,90010,10)	987024
90011	莲花落阵	丐帮弟子必学的阵法，彼此配合之下，可发挥数倍实力。	无	(1,80)*(3,80)	(53,5)	5	NeigongImage33	100101	(10,0,90011,1)	0	(10,0,90011,7)	0	(10,0,90011,10)	987009
90012	真武蛇阵	武当弟子入门学习的的两套剑阵之一，此为灵活擅攻的蛇阵。	无	(1,80)*(3,80)	(53,5)	5	NeigongImage33	900054	(10,0,90012,1)	0	(10,0,90012,7)	0	(10,0,90012,10)	987009
90013	真武龟阵	武当弟子入门学习的的两套剑阵之一，此为沉稳固守的龟阵。	无	(1,80)*(3,80)	(53,5)	5	NeigongImage33	900055	(10,0,90013,1)	0	(10,0,90013,7)	0	(10,0,90013,10)	987009
90014	七截阵头	武当阵派大阵:真武七截阵的简易版。虽然威力略逊，但习练也较为简单。	无	(1,80)*(3,80)	(53,5)	5	NeigongImage33	100029	(10,0,90014,1)	100033	(10,0,90014,7)	0	(10,0,90014,10)	987009
90015	尸控	尸身之所以会动，乃是因为傀尸以线操作尸体行动。	气血+200，内力+120 <br>满重增益：命中+5%	(1,80)*(3,80)	(55,5)	5	NeigongImage33	100072	(10,0,90015,1)	100062	(10,0,90015,7)	0	(10,0,90015,10)	987009
90016	九阴残经	源于九阴真经，所载乃速成法门，虽初习时威力极大，却难登一流之境。	无	(1,80)*(3,80)	(53,5)	7	NeigongImage33	100019	(10,0,90016,1)	100017	(10,0,90016,7)	100077	(10,0,90016,10)	987009
90017	幽冥之息	阎罗将所学武功简化后，传授给亲信的酆都死士。此套武功绝不逊色于各大门派的武学。	无	(1,80)*(3,80)	(53,5)	6	NeigongImage33	987167	(10,0,90017,1)	100017	(10,0,90017,7)	0	(10,0,90017,10)	987009
90018	八部龙神阵	天龙教教众的阵法，可借邻近众人之力为己用。	无	(1,80)*(3,80)	(53,5)	5	NeigongImage33	987115	(10,0,90018,1)	0	(10,0,90018,7)	0	(10,0,90018,10)	987009
90019	江湖心法	江湖上滥俗的武功。	0	0	0	0	NeigongImage33	987125	(10,0,90019,1)	0	(10,0,90019,7)	0	(10,0,90019,10)	987009
90020	疾风功		气血+100，内力+200 <br>满重增益：暴击+5%	(1,100)*(3,200)	(53,5)	5	NeigongImage33	987200	(10,0,90020,1)	987201	(10,0,90020,7)	0	(10,0,90020,10)	987024
90021	龙虎般若功		气血+100，内力+200 <br>满重增益：反击+5%	(1,100)*(3,200)	(52,5)	5	NeigongImage33	987202	(10,0,90021,1)	987203	(10,0,90021,7)	0	(10,0,90021,10)	987024
90022	青龙心法		气血+100，内力+200 <br>满重增益：反击+5%	(1,100)*(3,200)	(52,5)	5	NeigongImage33	987116	(10,0,90022,1)	987164	(10,0,90022,7)	0	(10,0,90022,10)	987024
90023	乱情诀		气血+110，内力+110 <br>满重增益：闪避+8%	(1,110)*(3,110)	(51,8)	6	NeigongImage33	500125	(10,0,90023,1)	987215	(10,0,90023,7)	0	(10,0,900231,10)	987024
90024	四劫心诀		气血+110，内力+110 <br>满重增益：暴击+8%	(1,110)*(3,110)	(53,8)	6	NeigongImage33	987218	(10,0,90024,1)	987220	(10,0,90024,7)	0	(10,0,90024,10)	987024
90025	烈侯武书	汉名将卫青北击匈奴，七战七胜，焠其多年沙场搏杀感悟之精，乃成此书。	气血+120，内力+50 [c][12C0D3]<br>满重增益：暴击+10%[-][/c]<br>一重：增伤 七重：减伤 十重：神行	(1,120)*(3,50)	(53,10)	7	NeigongImage33	987222	(10,0,90025,1)	987223	(10,0,90025,7)	987224	(10,0,90025,10)	987024
90026	无相混沌功		气血+120，内力+50 [c][12C0D3]<br>满重增益：暴击+10%[-][/c]<br>一重：暴击狂暴 七重：减敌方防御 十重：连斩	(1,120)*(3,50)	(53,10)	7	NeigongImage33	987227	(10,0,90026,1)	987228	(10,0,90026,7)	987229	(10,0,90026,10)	987024
90027	残阳心法		气血+120，内力+50 <br>满重增益：血量+500	(1,120)*(3,50)	(1,500)	7	NeigongImage33	500121	(10,0,90027,1)	500122	(10,0,90027,7)	500125	(10,0,90027,10)	987024
90028	孤星命格		气血+120，内力+50 [c][12C0D3]<br>满重增益：闪避+10%[-][/c]<br>一重：闪避提升 七重：闪避后识破	(1,120)*(3,50)	(51,10)	7	NeigongImage33	987230	(10,0,90028,1)	987231	(10,0,90028,7)		(10,0,90028,10)	987024
99001	乾坤大挪移	明教历代相传的一门最厉害的武功，只有教主方可修炼。 其根本道理也并不奥妙，只不过是先要激发自身潜力，然后牵引挪移，其中变化莫测，匪夷所思。	无	(52,5)*(57,5)	(53,10)	5	NeigongImage33	890001	(10,0,99001,1)	890004	(10,0,99001,7)	890005	(10,0,99001,10)	910069
