910010	拈花指	拈花指源于佛家「佛祖拈花，迦叶一笑」的典故，是少林七十二绝技之一。	气功+1	UI_fi_02_35	5	1	6	(25,1)	0	1	0	2	0	2	0	10	13	0	500013,500020	100044001
910009	无上般若歼	不传之秘	气功+2	UI_fi_02_17	5	1	5	(25,2)	0	1	0	2	0	1	1	12	20	4	500012,500035	100139003
910008	龙吞势	不传之秘	气功+1	UI_fi_02_17	5	1	5	(25,1)	0	0	0	2	0	0	1	12	17	3	500008,100128	100139002
910007	象跌势	不传之秘	气功+1	UI_fi_02_17	5	1	5	(25,1)	0	1	0	2	0	3	0	9	13	0	500010,500028	100139001
910006	天王托塔		气功+1	UI_fi_02_13	5	2	3	(25,1)	0	1	0	2	1	3	0	18	12	4	500001,500051,500012	100001003
910005	唯我独尊		气功+1	UI_fi_02_13	5	2	3	(25,1)	0	1	0	2	0	2	1	12	10	2	500000,500008	100001002
910004	天上天下		气功+1	UI_fi_02_13	5	2	3	(25,1)	0	1	0	2	0	2	1	8	8	0	500052,500009	100001001
910003	乱剑式		剑法+1	UI_fi_02_03	1	0	5	(21,1)	0	1	0	2	3	1	0	5	28	3	500012,500013	100012003
910002	撩剑式		剑法+1	UI_fi_02_03	1	3	5	(21,1)	0	1	0	2	0	2	1	5	24	3	500004	100012002
910001	荡剑式		剑法+1	UI_fi_02_03	1	3	5	(21,1)	0	1	0	2	1	2	0	9	10	0	100129	100012001
800001	摩诘诗画见画诗	不传之秘钢鞭	钢鞭+2	UI_fi_02_25	7	0	6	(27,2)	0	1	0	2	0	0	1	10	15	3	500012,500042,500002	100014183
#招式编号	套路名称	套路说明	成长说明	套路的图标	武器类别	四围加成	修练难度曲线	武学常识成长	心法羁绊,效果	是否需要选择目标	技能作用种类	目标种类	目标区	距离	范围	威力	消耗内力	回气时间	附加状态编号	特效编号
#iRoutineID	sRoutineName	sRoutineTip	sUpgradeNotes	sIcon	iWearAmsType	iAddition	LevelUpStyle	LevelUpAdd	ForceContact	NeedToSelectTarget	SkillType	TargetType	TargetArea	Range	AOE	Damage	UseAp	CD	condition	SkillEffectID
100001	一刀起程	逍遥谷二弟子荆棘自行悟出的独门绝技，招式凌厉，只攻不守，以刀补剑，以剑补刀，同时却又刀中藏剑，剑中藏刀，攻敌不备，对手万难预料。	剑法+1、刀法+1	UI_fi_02_07	2	0	2	(21,1)*(22,1)	0	1	0	2	1	2	0	13	9	0	500014	210002001
100002	走剑行刀	逍遥谷二弟子荆棘自行悟出的独门绝技，使出时如行云流水，看似形成防御的障壁，其实刀剑中暗藏杀招，使敌人措手不及。	剑法+1、刀法+1	UI_fi_02_07	1	3	3	(21,1)*(22,1)	0	1	0	2	0	2	0	13	17	2	500004	210002002
100003	刀山剑岳	无瑕子为荆棘所创的一门武学，招式亦是由荆棘丛中所化，一刀一剑如枪矛数组般摆出守势，以静制动，对手若贸然进攻，必受尖刺般的刀剑所伤。鉴于荆棘求胜心切的个性，无瑕子希望他能够在修习这门武学的同时，定静功夫也能有所提升。	剑法+1、刀法+1	UI_fi_02_07	2	0	4	(21,1)*(22,1)	0	1	0	2	1	2	0	8	25	3	500008	210002003
100004	阴错阳差	谷月轩将自与夏侯非、西门峰一战中所历，口述给荆棘，荆棘从中察觉了天剑门天门十三剑和绝刀门九转绝命刀中若合二为一，以剑主攻，刀主守，剑迅刀沉，攻守兼备，阴阳相生，几无破绽可言。	剑法+1、刀法+1	UI_fi_02_07	2	3	5	(21,1)*(22,1)	0	1	0	2	3	1	0	6	25	3	500010	210002005
100005	摩诃无量	刀剑门最厉害的绝招，刀剑归真，摩诃无量。荆棘自悟阴错阳差之后，在凌云窟看着英雄小虾米留下的遗刻后，凭自身过人的悟性顿悟。原来，这才是刀与剑真正的用法。	剑法+1、刀法+1	UI_fi_02_07	2	2	6	(21,1)*(22,1)	0	0	0	2	0	0	1	5	30	4	500039	210002006
100006	幽冥十三式	剑圣三十年前于华山尽破各派剑术的成名绝技，在转瞬之间双剑化作万剑，直如鬼魅，故得「幽冥」之名。此剑术要领在于心剑合一，练至深处，气劲自然而然从体内流泄而出，举手投足间皆能以气成剑。	剑法+2	UI_fi_02_05	1	2	6	(21,2)	0	1	0	2	1	2	0	5	30	3	910228,500024	210002011
100007	坎离水火剑	源自雪山剑术与金乌刀法，后由隐元阁主岳在渊改为双剑剑术。金乌刀法原为克制雪山剑术而创，两者相克却又相辅，临敌之际两套截然不同的功法相互应援，分进合击，使人难以找到破绽。	剑法+1、刀法+1	UI_fi_02_05	2	3	7	(21,1)*(22,1)	0	1	0	2	3	1	0	5	35	3	500009,500027	210002012
100008	抖鳞虎扑式	双剑分循云从龙、风从虎两道剑诀，云从龙旨在剑势缥缈，如云中飞龙，不见首尾，骤然而击。风从虎旨在剑势凌厉，如风中猛虎，步步进逼，穷追不舍。	剑法+1、刀法+1	UI_fi_02_07	1	0	7	(21,1)*(22,1)	0	1	0	2	0	1	0	6	30	4	500012	210002009
100009	古月照今尘	逍遥谷二弟子荆棘观看苗家剑术与胡家刀法对决时，取苗家剑术之轻灵迅猛、胡家刀法的虚实互用，以两家杀招为基础，自行创出的刀剑绝学。	剑法+1、刀法+1	UI_fi_02_07	1	2	7	(21,1)*(22,1)	0	1	0	2	0	2	0	10	20	3	500008,500023	210002008
100010	水浒英雄掌	辽东大侠谷云飞家传绝技，招式名皆取自北宋梁山泊群豪，此路掌法刚柔并济，或急或缓，包罗万象，一百单八招使将下来有如梁山好汉一一再世，端的是千变万化。	拳掌+1	UI_fi_02_11	4	0	2	(24,1)	0	1	0	2	0	1	0	11	8	0	500052	100015001
100011	鹏飞千里	逍遥谷入门功夫之一，拳势自庄子逍遥游中所述之大鹏化出，柔中带刚，缓中有急，亦虚亦实，变化万千，习练者须有扎实的身法修为。	拳掌+1	UI_fi_02_11	4	3	3	(24,1)	0	1	0	2	0	2	0	7	17	2	500000	100014002
100012	天山六阳掌	逍遥派绝学，出招轻灵飘逸，优雅清隽，却暗藏汹涌杀机。此套掌法当年由天山童姥教导虚竹，由于使用者多为女子，为弥补力弱缺点，招式渐趋狠辣。招式共有阳春白雪、阳关三迭与生死符。	拳掌+1、气功+1	UI_fi_02_11	4	2	4	(24,1)*(25,1)	0	1	0	2	3	1	0	5	30	3	500025	100014008
100013	天山折梅手	逍遥派绝学，虽只有三路掌法，却蕴含诸般兵刃招式之原理，变化多端，掌法精妙无双，能挡天下各式兵刃，以雄浑内力作为基础，内力越高越能发挥折梅手之威力。	拳掌+1	UI_fi_02_11	4	2	5	(24,1)	0	1	0	2	0	1	0	4	33	2	500052,500074	100032002
100014	四通八达	卓人清指导古实时，以武当长拳为基础，为弥补古实木讷的性格特点所创出的另一拳术。出拳时看似杂乱无章，犹如四面八方都有拳风袭来，使敌人防不胜防。	拳掌+1	UI_fi_02_11	4	0	2	(24,1)	0	1	0	2	0	3	0	8	12	0	500028,100039	100036001
100015	太极拳	张三丰百岁后参悟的武功，讲究以柔克刚、以静制动、后发制人。是以慢打快、以静制动的绝世武学，一招一式都暗合太极的阴阳变化，精微奥妙。	拳掌+1、气功+1	UI_fi_02_11	4	2	5	(24,1)*(25,1)	0	1	0	2	0	1	1	6	22	2	500016,500027	100036002
100016	开太极	太极拳最后一式，有破开混沌之威，内外气劲结合，练气化神，出拳时非刚非柔，使敌人避无可避。	拳掌+1、气功+1	UI_fi_02_11	4	2	7	(24,1)*(25,1)	0	1	0	2	3	1	0	15	30	3	500015	100036003
100017	天罡拳	相传为道家内家秘籍，以太极阴阳之说为基础，原为强身健体之用，后经由数代高手以自身经验加以改进融合，成为一门威力极大的功夫。拳法圆融自然，并无固定招式，顺势而为，全凭施展之人的心意而动。	拳掌+1	UI_fi_02_11	4	1	3	(24,1)	0	1	0	2	0	4	0	8	14	0	500028	100075001
100018	当贯日月	凝聚全身真气奋力一击，威力之大，足以贯穿日月，故有此名。因威力甚大，故短时间内不可再施展第二回，否则对自身会有极大损伤。	拳掌+1、气功+1	UI_fi_02_11	5	0	4	(24,1)*(25,1)	0	1	0	2	0	1	0	7	18	2	500023	100075002
100019	苍天有极	为江天雄的绝技之一，取苍天曷有极之意，如同苍天一般无穷无尽，此招的伤害亦能不断迭加，同时附带狂怒的效果。	拳掌+1、气功+1	UI_fi_02_11	4	0	6	(24,1)	0	1	0	2	1	2	0	5	22	3	500005,500000	100075003
100020	见人伸手	丐帮入门掌法，招式灵动，为首任丐帮帮主所创，原是希望丐帮弟子能有自保之力。此掌法蕴含拳掌武学基础，易学难精。	拳掌+1	UI_fi_02_11	4	0	3	(24,1)	0	1	0	2	0	3	0	10	9	0	500018,500052	100098001
100021	亢龙有悔	被誉为天下第一刚猛的掌法，威力完全端看修练者的[FF7700]硬功[-]决定。亢龙有悔为其中一招，此招刚柔并济，练到能放可收，才算大成。	拳掌+1、气功+1	UI_fi_02_11	4	0	6	(24,1)*(25,1)	0	1	0	2	1	3	0	4	33	3	500001	100098002
100022	龙战于野	被誉为天下第一刚猛的掌法，威力完全端看修练者的[FF7700]硬功[-]决定。取自易经龙战于野，其血玄黄之意，招式大开大阖，掌风刚猛，使敌人无法近身。	拳掌+1、气功+1	UI_fi_02_11	4	0	8	(24,1)*(25,1)	0	1	0	2	1	3	0	4	44	4	500000,500027	100098003
100023	百花错拳	花痴日夜与花相对，从花的不同绽放姿态中所领悟。此拳法中并无杀招，却招式繁杂，花样层出不穷，有混乱与蒙蔽敌人之效。	拳掌+1	UI_fi_02_11	4	3	2	(24,1)	0	1	0	2	0	1	0	13	7	0	500017	100032001
100024	猴三破桃式	花痴与白猿嬉闹对打之时所学到的武功，出手凌厉，以人体身上各大要穴为目标。	拳掌+1	UI_fi_02_11	4	2	3	(24,1)	0	1	0	2	0	1	0	6	18	2	500001,500057	100014189
100025	醉拳	乃藉酒引力，招招虚中有实，指前打后，声东击西，使敌方难以攻防。[FF7700]酒艺[-]越高，醉拳的威力越强。共有醉酒拨臂连环踢、醉酒提壶力千钧、弹腰献酒醉当步三式。	拳掌+1	UI_fi_02_11	4	1	4	(24,1)	0	1	0	2	0	1	0	7	14	2	500015	100014011
100026	螳螂捕蝉	取其螳螂捕蝉之形，模仿螳螂在捕猎时的迅捷灵动，以及在闪避腾挪间，匪夷所思的多变身形。令敌手难以捉摸其身法。	拳掌+1	UI_fi_02_11	4	3	5	(24,1)	0	1	0	2	0	2	0	13	20	3	900108,500051	100014216
100027	劈卦神拳	以刚猛著称的外家拳法，着重于力量和速度，有强大的破坏力。但同时刚也易折，若遇到内外兼修的高手，则略逊一筹。	拳掌+1	UI_fi_02_11	4	0	6	(24,1)	0	0	0	2	0	0	1	3	25	4	500027,500022,500000	100014004
100028	无相劫指	佛家无色无相的最高境界，少林派的七十二绝技之一。需以深厚的内力催动，范围可达百步之内，虽是极为强横霸道的指法武功，修练时却进境甚慢。	气功+1	UI_fi_02_35	5	1	6	(25,1)	0	1	0	2	0	2	0	6	19	3	500002,500019	100044002
100029	多罗叶指	少林派的七十二绝技之一，需以深厚的内力催动，出招时极为灵活，以十指连点，无论何等坚固之物，都会在此指力下碎裂。	气功+1	UI_fi_02_35	5	2	8	(25,1)	0	0	0	2	0	0	1	16	15	3	500005,500002	100044003
100030	大金刚拳	少林绝技之一，以金刚拳为基础，招式更为简洁古朴，沉稳雄健。对敌之时拳脚兼用，攻防并施，能给予对方沉重的打击。	拳掌+1	UI_fi_02_11	4	0	6	(24,1)	0	1	0	2	0	1	0	17	20	3	500012,500000	100298002
100031	石破天惊拳	以独特的内息运转之法，将真气凝于双拳不散，以此法出拳，连巨石都可一击即碎。	拳掌+1	UI_fi_02_11	4	0	5	(24,1)	0	1	0	2	0	1	0	16	15	2	500000,500039	100014006
100032	铁掌	相传当年铁掌帮凭恃此掌法横行江湖，在某任帮主的改进下越发强横凌厉，练到最为高深之处，掌中隐隐有股黑气，中者非死即伤，惜铁掌帮解散之后，此套武功也就此失传。	拳掌+1	UI_fi_02_11	4	0	5	(24,1)	0	0	0	2	0	0	1	15	10	3	500027,500000	100139002
100033	野球拳	为小虾米大侠的自创绝学，能先发制人，威力十足。野球拳讲究猜测敌人动向后发先至，以耳代目听出对手的攻击动向，因此耳功的修练格外重要。	拳掌+1	UI_fi_02_11	4	2	6	(24,1)	0	1	0	2	0	1	0	8	15	0	910031	100014005
100034	万佛朝宗	如来神掌最后一式，可牵动周遭五行之气，方圆十里之中无一幸免。	气功+2	UI_fi_02_11	5	1	7	(25,2)	0	1	0	2	0	2	1	20	15	4	500000,500051	100014022
100035	化骨绵掌	全以内家功夫为重的掌法，外柔内刚，看似没有杀伤力，却内蓄刚猛之劲。中招者一无所觉，却会随着时间推移而骨头寸寸断绝，故有此名。	拳掌+1、气功+1	UI_fi_02_11	4	1	6	(24,1)*(25,1)	0	1	0	2	0	1	0	15	15	0	500006	100014014
100036	八卦游身掌	采取八卦的精要而成，脚踏八卦步法，身若游龙。同时每一招间皆有连贯的后手，招招相连，生生不息。虽只有基础八式却能衍伸出六十四掌。	拳掌+1、气功+1	UI_fi_02_11	4	3	3	(24,1)*(25,1)	0	1	0	2	3	1	0	16	12	2	500010,500021	200029001
100037	缠丝八爪	五毒宝典上记载的绝学之一，使用者将体内毒素凝聚于指甲之上，在一来一往的近身搏击中利用绵密的攻势使对手难以脱身，并逐渐失去气力而终为毒所噬。共分[FF7700]抽丝剥茧[-]、[FF7700]千丝万缕[-]、[FF7700]命若悬丝[-]三式，习练者的[FF7700]毒功[-]修为愈高，威力愈大。	拳掌+1	UI_fi_02_09	4	3	4	(24,1)	0	1	0	2	0	1	1	13	20	4	500010,500049	100014213
100038	火焰刀	西域吐蕃流传的至上武功，唯内功修为高者才得以施展。凝聚内力于掌缘，再以此伤敌，内力高强者甚至能隔空伤人，与六脉神剑堪称一时瑜亮。	气功+2	UI_fi_02_11	5	1	9	(25,2)	0	1	0	2	3	1	0	20	15	4	987048,500027	200046001
100039	八仙指路	无瑕子效法段氏一阳指所创之指法，同样以纯阳内力为基础，指力虽不比一阳指浑厚，但出指更加灵动潇洒。	气功+1	UI_fi_02_35	5	1	5	(25,1)	0	1	0	2	0	4	0	6	23	3	500024,500002	100014030
100040	一阳指	以阳刚内力贯于指击射敌人要穴之指功，修习时须以厚实之内功为基础，方能制敌于千里之外。	气功+1	UI_fi_02_35	5	1	7	(25,1)	0	1	0	2	0	3	0	5	30	3	500002,500025	100014025
100041	六脉神剑	大理段氏绝学，将浑厚的内力聚集于指尖，发出剑气。以指为剑，出剑时指随心转，迅猛如电，指力所及之处，皆能杀人于无形之中。	气功+2	UI_fi_02_35	5	2	9	(25,2)	0	1	0	2	1	3	0	5	40	3	500029,500027,910219	100014032
100042	拜月七诀	相当古老的掌法，据说由一群崇拜月神的诡秘信徒所创。此掌法威力强大，但会侵蚀修练者的心神，没有坚定的意志者往往会疯狂而死。威力将由修练者的[FF7700]内功[-]决定。	拳掌+1	UI_fi_02_11	4	0	5	(24,1)	0	1	0	2	3	1	0	5	25	3	500008,500089	100014016
100043	九阴白骨爪	原为九阴神爪，又称摧坚神爪，爪指有强大的透劲，无坚不破。前朝有武林前辈，因不解真经奥义，将神爪修成了阴毒的武功，九阴白骨爪便是由此而生。	拳掌+2	UI_fi_02_09	4	3	4	(24,2)	0	1	0	2	1	3	0	7	16	1	500023,500049,500052	200011001
100044	鹰爪功	汉族的传统象形拳法之一，以手指劲道上的功夫为主。吸收猎鹰博兔、等技巧而成，出招之时，手指弯曲似鹰爪，对敌时多以抓拿缠打、分筋错骨为主。	拳掌+1	UI_fi_02_09	4	0	5	(24,1)	0	1	0	2	3	1	0	17	10	0	500052,500004	100009002
100045	落英神剑掌	相传为百年前桃花岛主所创，由剑术脱胎换骨而成，招式繁杂、虚实难分，犹如落花飞扬，使来飘逸出尘。	拳掌+1	UI_fi_02_11	4	2	5	(24,1)	0	0	0	2	0	0	1	6	17	3	500027,910184	100054002
100046	兰花拂穴手	桃花岛的独门武功，出招时看似轻描淡写、优雅无害，犹如兰花伸展枝桠。实则招式凌厉，指影重重，将敌人各处大穴笼罩其中，无处可避。	拳掌+2	UI_fi_02_11	4	3	3	(24,2)	0	1	0	2	0	2	0	7	17	2	500002,500017	100032003
100047	霹雳刀法	霹雳堂独门刀法，挥刀时会发出霹雳之声，因而得名，威力端看修练者对于[FF7700]刀法[-]技能的掌握。	刀法+1	UI_fi_02_01	2	0	2	(22,1)	0	1	0	2	0	1	0	18	10	0	500027	100057002
100048	三千雷动	霹雳堂连环快刀，逼得对手不得不举剑格挡，相击之际有电闪雷鸣之声，故得此名。	刀法+1	UI_fi_02_01	2	0	4	(22,1)	0	1	0	2	3	1	0	15	15	3	500051	100057003
100049	八卦刀法	八卦刀比一般长刀要沉，故此刀法较为朴实平稳，脚踏八卦步法，招式以斩与劈的沉猛为主。	刀法+1	UI_fi_02_01	2	1	3	(22,1)	0	1	0	2	0	2	0	15	10	0	500011,900135	100089001
100050	震字诀	八卦门绝技，于一瞬之际，运转体内真气，施展开时双掌虎虎生风，有地动山摇之势。	刀法+1	UI_fi_02_01	2	1	4	(22,1)	0	1	0	2	0	1	0	18	15	2	500008	100089002
100051	乱环式	此招仿太极剑术之形，以剑画出大大小小正反斜直的圆圈。可却是招招于敌同归于尽的杀着，每一剑刺出都不留余地。	刀法+1	UI_fi_02_01	2	2	5	(22,1)	0	0	0	2	0	0	1	13	20	4	500007,500200	100089003
100052	春风快意刀	龙墨游历江湖之际后的体悟，以家传的点苍门武学为基础，配合其风流潇洒之性格所创，出招时犹如春风拂面般闲适自在，故将此武学取名为春风快意刀。	刀法+1	UI_fi_02_01	2	3	3	(22,1)	0	1	0	2	1	3	0	12	9	0	500010	200017001
100053	船过水无痕	龙墨观其水纹流动所创，刀势似拙实巧，犹如水面涟漪，劲风迭加扩散，直至散去无痕。	刀法+1	UI_fi_02_01	2	3	4	(22,1)	0	1	0	2	1	3	0	20	15	2	500018,500001	100297002
100054	崩云刀法	陆氏祖传刀法，一反刀法常理，每一招皆由匪夷所思的角度破出，传闻练至大成，有崩云裂石之能。	刀法+1	UI_fi_02_01	2	2	3	(22,1)	0	1	0	2	0	1	0	12	7	0	500003	100297001
100055	破浪千雪	陆家先祖于海边练刀之时所创，以陆家金刀破开卷起的浪潮，在阳光的照射下，浪花犹如雪片般纷纷落下。	刀法+1	UI_fi_02_01	2	0	4	(22,1)	0	1	0	2	1	4	0	20	15	3	500018,500001	100297003
100056	血刀狂杀	以亡轶多年的血刀门的镇派绝学。分为内功跟刀法两部分，全都记录在一部血刀经上。刀法诡谲至极，往往从绝不可能的角度劈砍，让人防不胜防。	刀法+1	UI_fi_02_01	2	0	6	(22,1)	0	1	0	2	1	2	0	16	15	2	500008,987004	100014053
100057	冥鲲斩	逍遥谷绝学。鲲原义是小小的鱼卵，而在逍遥游中成为了大鱼的代称。正如逍遥派的思想，不执着于表象，小也能化为极大。	刀法+1	UI_fi_02_01	2	0	5	(22,1)	0	1	0	2	0	1	0	6	18	2	500035	100014051
100058	残存亦末路	武林宝鉴刀法篇中，排名第二位的心残所使的刀法。传说是三国时期的暗杀组织「残兵」所创，共有上下二式，分别为：残存亦末路，兵败如山倒。	刀法+2	UI_fi_02_01	2	1	7	(22,2)	0	1	0	2	1	2	0	5	24	3	500015	100014054
100059	庖丁解牛刀	有一高手自庄子中的庖丁解牛篇所悟出的武学，招式的威力端看修练者的[FF7700]厨艺[-]程度。分族庖日更刀、良庖岁更刀，游刃必有余三式。	刀法+1	UI_fi_02_01	2	2	5	(22,1)	0	1	0	2	0	1	0	7	16	1	500052,500039	100014048
100060	天涯明月刀	魔教不传之秘，经历代教主修改简化，仅于一式，此招看似平凡无奇，实则经过层层推算，能将一刀直劈的威力发挥到极致。	刀法+1	UI_fi_02_01	2	0	6	(22,1)	0	1	0	2	3	1	0	6	20	3	500115	100077003
100061	推天献印	为一巧妙的近身功夫，运用手法上的牵引推送，并配合身体的转动，不仅能在危急之时化解对方的招式的冲击力，更能迭加劲力回转给对方。	刀法+1	UI_fi_02_01	2	0	4	(22,1)	0	1	0	2	3	1	0	6	14	0	500000	100088001
100062	蚩尤刀法	传说为上古时代蚩尤所用的刀法，招式由简单的砍劈斩动作所构成，并无复杂变化，以拙破巧，威力全凭施展之人的内力深浅所决定。	刀法+1	UI_fi_02_01	2	0	5	(22,1)	0	1	0	2	3	1	0	5	28	3	500008,500025	100088002
100063	魔刀七杀	魔门失传百年的绝学，此刀法以绝处逢生为要旨，每一招都是置之死地而后生，令人难以防备。	刀法+1	UI_fi_02_01	2	0	7	(22,2)	0	1	0	2	1	3	0	4	34	3	500039	100014054
100064	快雪时晴刀	书生得到快雪时晴帖后，大喜过望，整日临摹此帖，后以王羲之的笔法为招，笔意为势，以此帖创出一六式的刀法，暗合此帖的笔走龙蛇之态。	刀法+1	UI_fi_02_01	2	2	5	(22,1)	0	1	0	2	1	2	0	7	15	2	500001,500051	100014185
100065	八方藏刀式	此刀法以快为要，出手时须在四面八方连斩一十六刀，多于夜晚临敌之用，使人难以抵御，亦常用于抵挡各处袭来的暗器剑矢。	刀法+1	UI_fi_02_01	2	3	3	(22,1)	0	0	0	2	0	0	1	12	15	3	500126	100014184
100066	燃木刀法	少林七十二绝技之一，招式平平无奇，全以内力流转见长，练成后挥刀所带出的劲风，足以将木头燃起。	刀法+1	UI_fi_02_01	2	1	6	(25,1)	0	1	0	2	1	2	0	20	13	2	500004,987048	100051002
100067	狂风刀法	与狂风剑术系出同源，以手中狂刀飞速连斩，带起风雷之势，刀势劲道十足，难有人能与之抗衡。	刀法+1	UI_fi_02_01	2	3	3	(22,1)	0	1	0	2	0	2	0	7	18	3	900012,500035	100014057
100068	十殿阎罗刀	阎罗自创的刀法绝技，一共十招，每招都对应一位地府十王，或诡谲、或霸道、或阴毒、或阳刚。最后一式转轮更号称中者必亡。	刀法+2	UI_fi_02_01	2	0	8	(22,2)	0	1	0	2	1	3	0	6	23	3	500009,500003,500023	200023001
100069	阴法渡冥河	酆都众人在古墓中得到的一套刀法，据书简上的文字推测应是先秦时代。书简上的文字十不存一，但仍能从中体悟其博大精深。施展时有若阴风呼啸，令人寸步难行。练到深处，一刀劈出，哪怕相隔丈许，都可以狂霸刀气令敌人肌肤俱裂。	刀法+1	UI_fi_02_01	2	1	8	(22,1)	0	1	0	2	3	2	0	4	30	4	500012,500000	200023002
100070	井中八法	传闻为一将军，将毕生武学与战场智慧结合，以兵法弥补刀招之不足，以刀招展现兵法之谋略。	刀法+1	UI_fi_02_01	2	2	5	(22,1)	0	0	0	2	0	0	1	17	10	3	500126	100014186
100071	浪花斩铁势	龙墨以一柄刀，独自面对海上的狂风怒涛之势，以刀破去卷起的千层浪花。由怒海波澜中，领悟出大巧不工之意，因而创出劲力雄浑无匹之招式。	刀法+1	UI_fi_02_01	2	0	5	(22,1)	0	1	0	2	0	2	0	10	30	3	500001,500000	100014219
100072	毒龙刀法	传闻为东瀛刀客力斗巨蟒后所创，刀势诡谲狠辣，出奇不意的向地面斩击，溅起碎石以分散敌人注意，再趁势寻隙攻击。	刀法+1	UI_fi_02_01	2	1	5	(22,1)	0	1	0	2	0	2	0	15	10	0	500006	100069002
100073	慈悲刀法	少林七十二绝技之一，招式柔和，守招居多，攻招以刀背攻击对手筋骨关节为主，制敌而不杀敌，故名慈悲。共分[FF7700]顽石点头[-]、[FF7700]回头是岸[-]、[FF7700]立地成佛[-]三式；套路威力将受到习练者自身的[FF7700]道德[-]修养影响。	刀法+1	UI_fi_02_01	2	3	5	(22,1)	0	0	0	2	0	0	1	6	18	3	900107	100014219
100074	东麟西爪剑	傅剑寒行走江湖之际，将途中所见之招式，自行理解改良后，化为剑招，因杂取百家所长，故有此名。	剑法+1	UI_fi_02_03	1	2	4	(21,1)	0	1	0	2	0	2	0	16	8	0	500007	100092001
100075	冰心剑法	峨嵋祖师晚年参悟后所创之剑术，用此剑术者，心中需无杂念，如冰一般澄澈透明，不被外界事物烦扰，凝神忘我，心神只在手中之剑上。稍有罣碍，威力便会大减。	剑法+1	UI_fi_02_03	1	2	5	(21,1)	0	1	0	2	0	2	1	5	26	4	500025,500007	200016003
100076	凝柔剑法	峨嵋前两代耆宿专为臂力较弱的女弟子创的剑术。剑术不正面对敌，以卸力为主，育攻于守之中。	剑法+1	UI_fi_02_03	1	3	4	(21,1)	0	1	0	2	0	1	0	10	8	0	500020,500026	200016002
100077	金顶剑法	峨嵋派剑术，剑术绵密严谨，可有效逼退敌人。	剑法+1	UI_fi_02_03	1	1	3	(21,1)	0	1	0	2	3	1	0	8	12	2	500027,500003	200016001
100078	情意七剑	情意七剑每一剑都酝含着对爱人铭心刻骨的爱恋之意，心中对相思之人越是牵挂，发挥出的剑意越强。招式分为天若有情、情深义重。习练者[FF7700]花卉[-]技能愈高，威力愈强。	剑法+1	UI_fi_02_03	1	1	8	(21,1)	0	1	0	2	3	1	0	5	27	2	500014,500052	100014037
100079	太极剑法	与太极拳同出一源，宗旨皆为以柔克刚。若是体悟剑意的高手使来，可以意驭剑，浑圆如意，虽只一招，却能衍生千变万化。	剑法+1	UI_fi_02_03	1	2	3	(21,1)	0	1	0	2	0	2	0	13	7	0	500019	100037003
100080	绕指柔剑	武当祖师自创的一路剑术，共有七招，以雄浑的内力注入剑中，使剑可如绸带般曲折，配以变幻莫测的剑招，使人难以判断剑势会由何处而来。	剑法+1	UI_fi_02_03	1	1	4	(21,1)	0	1	0	2	1	2	0	7	16	2	500021	100037001
100081	太极化清	太极拳最后一式，太极之意无所不在，万物万法殊途同归，此招一出，绵绵不绝，拳势无所不在，让人不知如何招架。	剑法+1	UI_fi_02_03	1	3	6	(21,1)	0	0	0	2	0	0	1	5	25	3	500042,500016	100037002
100082	观清百景剑	青城祖师长年观那奇峰峭壁之态所领悟，剑尖所及，犹如绝壁山峦间，回环曲折之路。令对手难以摸索来势。	剑法+1	UI_fi_02_03	1	2	3	(21,1)	0	1	0	2	3	1	0	17	10	0	500025	100299001
100083	幽谷飞涧	剑势犹如盘旋在绝谷幽壁中的瀑布，千回百转，犹如一条白龙腾空破水而出。	剑法+1	UI_fi_02_03	1	0	4	(21,1)	0	1	0	2	1	2	0	23	10	2	500004,500008	100299002
100084	鹤翼苍穹	模拟白鹤在天空中展翅飞翔的各种姿态，剑势如同白鹤伸展的翅膀，施展开来如行云流水，姿态优雅。	剑法+1	UI_fi_02_03	1	3	7	(21,1)	0	1	0	2	1	5	0	20	15	3	500042,500012	100299003
100085	映雪奇剑	天山派绝技，出剑时仿若羽毛如雨飘落，形成剑雨，看似轻柔无害，却在不经意之时，便在敌人身上留下寸寸伤痕。	剑法+1	UI_fi_02_03	1	3	2	(21,1)	0	1	0	2	0	2	0	25	7	0	987185,500007	100091001
100086	天山幻影剑	天山派绝学，招式变化无常，虚实相若，如海市蜃楼，难以捉摸。	剑法+1	UI_fi_02_03	1	2	4	(21,1)	0	1	0	2	0	2	0	25	10	2	500052,500004	100091003
100087	吞浪剑势	以气御剑，剑势如狂风巨浪铺展开来，彷若吞噬一切。	剑法+1	UI_fi_02_03	1	1	4	(21,1)	0	1	0	2	3	1	0	16	15	3	987018,987185,500051	100118002
100088	潇湘水云	由琴谱中所化，剑招中蕴含水光云影之兴，使来有悠扬自得之趣。	剑法+1	UI_fi_02_03	1	2	4	(21,1)	0	1	0	2	1	2	0	8	15	2	500003	100014038
100089	天子剑术	唐代开国君王所用的剑术，剑招大开大阖，招式古朴稳重，有王者气度。相传为李氏皇子逐鹿中原时所用。	剑法+1	UI_fi_02_03	1	2	6	(21,1)	0	0	0	2	0	0	1	5	22	3	500004	100092004
100090	龙泣剑	创此剑招之高人，因被仇家追击，痛失亲人，因而悟出此招。剑身灌注内力，发出电闪雷鸣之声，夺人心魄，心中越是伤痛则威力越发强大。亦有人曾言听来有如嚎泣之声，故有此名。	剑法+1	UI_fi_02_03	1	1	8	(21,1)	0	0	0	2	0	0	2	4	28	4	910125	100014041
100091	七绝剑术	剑招仅七式，来如迅雷，势若疯虎，七招之内，必有死伤，故名七绝。	剑法+1	UI_fi_02_03	1	3	7	(21,1)	0	1	0	2	0	2	0	10	20	2	900127,500018	100014205
100092	龙虎啸	剑招挟着狂暴的气流，施展开来，犹如龙吟震天，虎啸裂地，令闻者心惊胆颤。	剑法+1	UI_fi_02_03	1	0	4	(21,1)	0	1	0	2	0	2	0	9	10	0	500008	100094001
100093	泰山崩	铸剑山庄家传绝学，气势盖天，化剑为轮，挟着无形气劲，有裂地之能。	剑法+1	UI_fi_02_03	1	0	4	(21,1)	0	1	0	2	1	2	0	7	15	2	500017	100094002
100094	镇五岳	铸剑山庄家传绝学，凌厉无匹，剑势如山，彷若能辗压一切。	剑法+1	UI_fi_02_03	1	0	7	(21,1)	0	0	0	2	0	0	3	5	18	3	500004	100094003
100095	易剑道	招如其名，传承大巧不工之意念，仅以刺、砍、劈、撩、截五式，面对所有杀招，以不变应万变。	剑法+1	UI_fi_02_03	1	2	4	(21,1)	0	1	0	2	0	2	0	6	18	0	500009	100094003
100096	越女剑术	古时吴越相争之际，有一无名女子，至越国传下神妙剑招，因而大败吴国。剑招本身并无甚稀奇，唯速度奇诡，出手如电，令人难以招架。	剑法+1	UI_fi_02_03	1	3	6	(21,1)	0	1	0	2	0	2	0	20	10	3	987185,500026,500018	100125001
100097	独孤九剑	以无招胜有招的剑术。独孤九剑讲究一个「破」字，在敌人出招前先行看破他的套路，以逸待劳，后发先至，对独孤九剑领悟越高，将可破尽天下武学。独孤九剑十分讲究悟性，因此[FF7700]悟性[-]越高者，越能施展出剑术威力。	剑法+2	UI_fi_02_03	1	2	9	(21,2)	0	1	0	2	0	2	1	20	10	3	500014,500132	100014043
100098	辟邪剑法	百年前江湖上人人觊觎的绝世剑术。修练此剑术需先自宫断欲。共分[FF7700]江上弄笛[-]、[FF7700]飞燕穿柳[-]、[FF7700]扫荡群魔[-]三式。习练者的[FF7700]内功[-]愈高，威力愈大。	剑法+2	UI_fi_02_03	1	3	9	(21,2)	0	1	0	2	1	3	0	22	11	3	900110,500017	100014200
100099	流星飞坠	剑光明亮如星，出招时进如奔雷从天而降，慑人心魄。	剑法+2	UI_fi_02_03	1	3	5	(21,2)	0	0	0	2	0	0	1	15	9	1	900110,500014	100014201
100100	玉女剑法	为古墓派祖师所创，剑招变幻莫测，令人眼花撩乱，难以招架，名称虽以女子姿态命名，出招时身形轻灵若仙，可剑术却招招凌厉狠辣。	剑法+1	UI_fi_02_03	1	3	5	(21,1)	0	1	0	2	0	3	0	7	15	0	500017	100125002
100101	夺命三仙剑	华山派剑宗绝技，仅有夺命三招，直劈、横削、反撩，三招连环使出，猝不及防之下，极难闪避。	剑法+1	UI_fi_02_03	1	3	5	(21,1)	0	1	0	2	3	1	0	6	20	3	500014	100245001
100102	饮中八仙剑	傅剑寒于卫紫绫口中听闻饮中八仙歌后，心有所感因而创出，此剑招一共八式，对应饮中八仙之形貌作为而成。	剑法+1	UI_fi_02_03	1	2	5	(21,1)	0	1	0	2	1	2	0	6	18	2	500012	100092005
100103	天外飞仙	此招需具备极高的轻功能力，人剑合一，自高处下击，化为一道剑光，无人能挡其锋芒。	剑法+1	UI_fi_02_03	1	3	5	(21,1)	0	1	0	2	1	3	0	5	26	3	500017	100091002
100104	无双无对	华山派前辈所创，虽是只有一招，却是揉合了深厚的内功与华山剑招之精华，攻势凶猛凌厉，务求一击必中。	剑法+1	UI_fi_02_03	1	0	5	(21,1)	0	1	0	2	1	2	0	5	25	2	987185,900103	100245001
100105	无招胜有招	此招式的要旨便是在于一个悟字，在通晓剑意之后，手中有剑，心中却无剑，见招拆招，不被任何门派招式所束缚。	剑法+2	UI_fi_02_03	1	2	5	(21,2)	0	1	0	2	3	1	0	5	24	3	500014,500012	100014044
100106	连城剑法	由唐诗诗句演变而来，每一招都是一句诗，取其诗意化作剑意，再化作剑招。	剑法+1	UI_fi_02_03	1	2	5	(21,1)	0	1	0	2	0	1	0	6	16	1	910127	100122001
100107	金蛇剑法	魔教教主早年所创的剑术，取日出东方，唯我独尊之意，剑势之霸道恢弘，此招纯以内力取胜。	剑法+1	UI_fi_02_03	1	2	5	(21,1)	0	0	0	2	0	0	1	5	20	3	500049	100014207
100108	天龙八部剑	此剑术创始者为百年前的邪教教主，以旁门左道之法另辟武学蹊径。习练此剑术者，功力越深，则入魔越深难以自控。	剑法+1	UI_fi_02_03	1	1	5	(21,1)	0	0	0	2	0	0	1	5	23	3	500004	100092002
100109	堪舆剑	源于上古时期的河图洛书，结合了九宫星象以及阴阳五行之法，相克相生，衍生出无穷剑意。	剑法+1	UI_fi_02_03	1	2	5	(21,1)	0	0	0	2	0	0	1	6	20	3	900013	100014040
100110	苗家剑法	苗氏家传剑术，号称打遍天下无敌手，刚中带柔，柔中有刚，朴拙狠辣兼而有之。	剑法+1	UI_fi_02_03	1	2	5	(21,1)	0	0	0	2	0	2	1	6	17	2	100129	100120002
100111	心合意气流	东瀛秘术，施展时可增加自身的防御能力，并附加连斩的效果。	剑法+1、刀法+1	UI_fi_02_01	2	0	5	(21,1)*(22,1)	0	1	0	2	0	2	0	9	10	0	500028,500004	100061001
100112	飞燕返	东瀛忍术之一，藉由诡秘的身法，于出人意料之处回刀猛击，犹如飞燕去而复返之态。	剑法+1、刀法+1	UI_fi_02_01	2	3	5	(21,1)*(22,1)	0	1	0	2	1	2	0	10	13	2	500004,500014	100061002
100113	大千世界	共分三式，每一招都有十余种后着，犹如佛教所载大千世界中，又有无数中千世界、小千世界。	剑法+1、刀法+1	UI_fi_02_01	2	0	5	(21,1)*(22,1)	0	1	0	2	1	2	0	8	26	3	600021,500013	100061003
100114	牙突	据说是东瀛剑术高手斋藤式所创。原本只是普通的平突刺，但配合特殊步法「梭地」后可发挥最大的威力。	剑法+1、刀法+1	UI_fi_02_01	2	0	5	(21,1)*(22,1)	0	1	0	2	0	2	0	7	13	1	500014,500028	100116001
100115	八艘飞	传说东瀛武圣「源义经」曾连跃八艘船，因而得名。形容剑势之刚猛，可连劈八船。可怕！	剑法+1、刀法+1	UI_fi_02_01	2	0	5	(21,1)*(22,1)	0	1	0	2	1	2	1	8	16	2	500039	100145002
100116	毒龙七尾	招式模拟毒蟒遇袭时甩尾防敌之态，速度之快，彷若眼前绽开七条蛇尾，毒鞭扫过之处，无人得以幸免。	软索+1	UI_fi_02_19	6	3	5	(26,1)	0	1	0	2	1	2	0	15	12	0	500006,987018	100058001
100117	毒龙追魂	毒鞭流动灵活，犹如捕猎中的巨蟒，对猎物缠绕困锁，并出奇不易的给予致命一击。	软索+1	UI_fi_02_19	6	3	5	(26,1)	0	1	0	2	0	4	0	15	15	2	500006,500028	100058002
100118	万毒入化	毒龙教不传之密，需搭配千年毒蟾修练，战斗之时，可避免状态异常，同时恢复少量气血。	软索+1	UI_fi_02_25	6	3	5	(26,1)	0	0	1	1	0	0	2	10	20	3	987192	100058003
100119	软红蛛索	苗疆女子常用防身绝技，由蜘蛛织网的过程中悟出，十余条蛛索坚韧灵动，临敌之际各有其用，攻守兼备，使人难以找出破绽。	软索+2	UI_fi_02_19	6	3	5	(26,2)	0	1	0	2	1	2	0	12	8	0	500023	210048001
100120	银蛇千转	在大漠的黄沙漫天中才能练成的绝技，一鞭击出，化为无数鞭影，可于同一时间击落万千沙砾。	软索+1	UI_fi_02_19	6	3	5	(26,1)	0	1	0	2	2	2	0	16	10	2	500010,500004	100056003
100121	万蛇狂舞	一条长鞭上下翻飞，舞出了一道御敌的圈子，招式简单，全赖轻功与内力之效，内力越为深厚，越是难以破解。	软索+1	UI_fi_02_19	6	0	5	(26,1)	0	1	0	2	0	2	0	20	10	0	500052,500008	100056001
100122	百兽之境	鞭影化作了各种野兽攻击之态，带起的劲风更犹如此起彼落的野兽嚎叫之声，可在一瞬间震慑敌人。	软索+1	UI_fi_02_19	6	0	5	(26,1)	0	1	0	2	1	2	0	15	20	3	500035,987008	100056002
100123	神农百草术	相传为神农氏传下的术法，可于危急之时，将内力化为气血，用以治疗沉重的内伤，并解除异常的状态。	钢鞭+1	UI_fi_02_17	7	1	5	(27,1)	0	0	1	1	0	0	0	20	10	2	500037,500043	100096002
100124	药王锄法	为唐代名医孙思邈绝技之一，本为挖掘药草之手法，后经人指点，孙思邈将此手法化为武学，以作为防身之用。	钢鞭+1	UI_fi_02_27	7	1	5	(27,1)	0	1	0	2	0	2	0	17	10	0	500001	100096001
100125	九黎杀天	百草门祖师在涿鹿之战的遗址习得，招式挟着九黎战败后对上天的怨气与怒意，施展之人若能共鸣其心境，则释放出来的招式就越是强大。	钢鞭+1	UI_fi_02_27	7	1	5	(27,1)	0	0	1	1	0	0	3	25	20	4	500037,500041	100096003
100126	七弦奏天南	箫声冷冽，隐隐有寒气萦绕，高雅空灵，临敌之时身法招式暗合节奏，同时以箫作剑，攻敌于出奇不易之时。	气功+1	UI_fi_02_13	9	2	5	(25,1)	0	1	0	2	0	2	0	14	8	0	910033	200020001
100127	弦箫东南飞	在琴音之中灌注自身内力，恢复己方斗志，并回复其气血。	气功+1	UI_fi_02_13	9	2	5	(25,1)	0	0	1	1	0	0	2	15	24	2	500041	200020003
100128	重峦复嶂曲	萧皓霜写给爱子萧复的曲子。以萧复的复字为题，取重峦复嶂之意，便是希望萧复能成长为一个有如群山岭岳般稳重的男儿。期望之深，不在话下。	气功+1	UI_fi_02_13	9	2	5	(25,1)	0	0	1	1	0	0	2	20	24	3	900020	100014133
100129	十面埋伏曲	此曲一奏，琴音表现出了项羽被包围而走投无路的场景，凄厉激昂、振奋人心，战斗中弹奏此曲可引起众人奋力一搏的心思，提高我方全体攻击力与暴击率。	气功+1	UI_fi_02_13	9	2	5	(25,1)	0	0	1	1	0	0	2	0	20	3	900024	100014138
100130	百鸟朝凤曲	[5E0B08]百鸟朝凤[-]乃是琴音的最高境界，各种飞禽听到此曲都纷纷陶醉而不自主的飞到弹琴者四周。	气功+1	UI_fi_02_13	9	2	5	(25,1)	0	0	1	1	0	0	2	24	16	3	500041,900038	100014137
100131	碧海潮声曲	模仿大海潮浪之声，其实内蕴深厚内力。其声情致飘忽，缠绵宛转，若在无防备之下聆听则难以自制，不住手舞足蹈，甚至胡乱抓搔头脸。	气功+1	UI_fi_02_13	9	2	5	(25,1)	0	0	0	2	0	0	1	6	25	3	900015	100014134
100132	玉萧剑气	原为桃花岛武学，乃黄药师由玉萧曲中所领悟。后传至弦剑山庄，经过数十年修正改编，成为弦箫山庄的武学秘奥。	气功+1	UI_fi_02_03	5	2	5	(25,1)	0	1	0	2	0	3	0	10	15	1	500008	100014045
100133	笑傲江湖曲	脱胎自失传已久的广陵散之曲，琴萧在一问一答间，越拔越高，与人高昂激扬、血脉贲张之感。后又转为柔和悦耳、低回婉转之声。整首曲子变化繁复，动人心弦。	气功+1	UI_fi_02_13	9	2	5	(25,1)	0	0	0	2	0	0	1	6	25	4	900019	100014136
100134	子母天钩	修罗宫绝学，阿修罗为了追杀负心薄幸之人所创。兵器前端弯曲如钩，用以取出负情之人的心脏。	箭器+1	UI_fi_02_23	3	3	5	(23,1)	0	1	0	2	1	3	0	12	8	0	500018,500056	100054001
100135	幻尘七诛	修罗宫独门暗器手法，一次射出七种暗器，同时击向人体七大要害，暗合北斗七星之数。	箭器+1	UI_fi_02_15	3	3	5	(23,1)	0	0	0	2	0	0	2	7	16	2	500003,500027	100054002
100136	无定飞环	曾在江湖上昙花一现的绝技，以内力控制双环，随心意流转腾挪，极难摆脱双环的攻势，双环既出，则追魂索命，不死不休。	箭器+1	UI_fi_02_23	3	3	5	(23,1)	0	1	0	2	1	3	0	8	20	3	500014	100054003
100137	燕子刺	假意露出破绽，故作败象以诱敌深入，趁其不备之时，再反手回刺，犹如燕子回翔之态。	箭器+1	UI_fi_02_15	3	3	5	(23,1)	0	1	0	2	0	2	0	10	7	0	500017	100059001
100138	乳燕归巢	出招灵巧，仅以刺击为主，身形犹如归巢的燕子般，一刺之后，立刻施展轻功急退，以防敌方追击。	箭器+1	UI_fi_02_15	3	3	5	(23,1)	0	1	0	2	0	3	0	7	14	2	500052	100059001
100139	荆轲武诀	战国时著名刺客荆轲所遗留下来之武学，伤敌一千，自损八百，多为同归于尽之招式，只求确实击毙目标。	箭器+1	UI_fi_02_15	3	3	5	(23,1)	0	1	0	2	0	3	0	7	14	0	500010,500028	100057003
100140	聂隐剑	相传为唐代有名的刺客聂隐娘所用招式，以高深的轻功为辅助，轻灵迅捷，务求杀人于无声无息之中。	箭器+2	UI_fi_02_15	3	3	5	(23,2)	0	1	0	2	0	2	0	6	20	2	500018	100014151
100141	化功大法	需以深厚的内力为底，敌我接触之时，将真气灌入对方经脉之中，化去敌人内力。若内力逊于对方，则会遭此招所反噬。	气功+3	UI_fi_02_25	5	1	5	(25,3)	0	0	0	2	0	0	1	6	25	3	500005,500001	100311003
100142	催魂蚀心	掌法连环击出，压制对手，使其无喘息之力，掌风带有毒气，令人难以逃脱。	拳掌+1	UI_fi_02_25	4	1	5	(24,1)	0	1	0	2	0	1	0	6	24	4	500049,500008	100311002
100143	阴风啸岳	掌势交错变幻，如鬼似魅，劲风过处，隐隐有鬼哭神号之声。	拳掌+1	UI_fi_02_25	5	1	5	(24,1)	0	0	0	2	0	0	2	13	15	3	500049	100014027
100144	金针渡劫	运用神医独门手法，用金针打向队友脉络，使其暴击提升，必定命中。	箭器+1	UI_fi_02_17	3	2	5	(23,1)	0	1	1	1	0	3	0	20	20	1	100118	100035001
100145	清莲印法	相传为一高僧所传下的心法，以悲天悯人之心，以气换血，可迅速恢复伤者之气血并获得归元状态回复内力。	箭器+1	UI_fi_02_17	3	2	5	(23,1)	0	0	1	1	0	0	3	20	30	3	500038,500043,100143	100035001
100146	静莲蝶雨	极为耗费内力的招式，可同时恢复多人的气血，并解除负向状态。	箭器+1	UI_fi_02_17	3	2	5	(23,1)	0	0	1	1	0	0	3	30	30	4	500037,500041,100143	100035002
100147	点血截脉	传说为一名姓万的神医所独创的绝技。截断人体内流动的血脉，使其暂时无法动弹。此法需要极为高深的医术，与一般点穴手法有别。	箭器+1	UI_fi_02_17	3	2	5	(23,1)	0	1	0	2	0	2	0	5	10	3	900096,910224	100014024
100148	神农济世	相传为神农氏传下的术法，快速将内力运转三周天，可大量恢复气血。	箭器+1	UI_fi_02_17	3	2	5	(23,1)	0	0	1	1	0	0	2	18	25	3	500037,500041,100143	100096003
100149	周髀十算	谣传为一西域巫师融合中原数术演算之法后所创，习得此法者，能察觉出对手招式中的破绽，牵制敌方动作，利于克敌制胜。	钢鞭+1	UI_fi_02_17	7	2	5	(27,1)	0	1	0	2	3	2	0	4	10	0	500058,500025,500003	200022001
100150	占事略诀	脱胎自三大算命之术，习得此招者，可计算出敌方下一步行动，让队友免疫攻击。	拳掌+1	UI_fi_02_17	4	2	5	(24,1)	0	1	1	1	0	3	0	13	20	3	500031	100014031
100151	叶落知秋	临敌之际，可透过计算招式间细微的变化，窥其对方盲点，趁隙恢复少量自身气血内力，同时有反击提高之效。	钢鞭+1	UI_fi_02_17	7	2	5	(27,1)	0	0	1	1	0	0	2	15	20	3	500050,500034	100014023
100152	神曲但丁	为欧洲最伟大的文学作品之一，当吟唱此故事之时，聆听者彷若身历地狱、炼狱、天堂三处。因而对生命有更进一步的体悟，于战斗时使用，可将攻击提高。	拳掌+1	UI_fi_02_17	4	2	5	(24,1)	0	0	1	1	0	0	2	10	25	3	910227	100008002
100153	烟雾弥漫	运用烟雾造成敌人眼盲的效果，可于危险时施展，而有余裕进行反击或逃脱。	箭器+1	UI_fi_02_15	3	2	5	(23,1)	0	1	0	2	0	2	1	5	10	3	500007	100055001
100154	鳄鱼的眼泪	假装悲伤，并留下眼泪。此招为欺敌之法，若施展此招，可于三回合内迷惑敌人心智，使其无法动弹。	拳掌+1	UI_fi_02_17	4	2	5	(24,1)	0	0	0	2	0	0	1	9	10	3	500051,500027	100055002
100155	戏子无义	假面待人，说尽花言巧语。此武学多为虚招，由各式花巧拳术所组成，趁敌人放松戒心之时，才看准时机突击。	拳掌+1	UI_fi_02_11	4	2	5	(24,1)	0	1	0	2	0	2	0	9	10	3	500002	100055003
100156	紫翎霓裳舞	卫紫绫以卫豹所授之拳脚功夫为根基，融合舞蹈和毒术所创出的独门腿法。罗袖漫舞，暗香四溢，舞踏翩翩之中暗藏杀机。	拳掌+1	UI_fi_02_33	4	3	1	(24,1)	0	1	0	2	1	2	0	7	13	0	100126,100127,100128	200000001
100157	流风回雪	源自于三国曹植的洛神赋，拳法模拟雪花在风中飘零之态，女子使来婀娜多姿，虽轻灵飘逸有余，却刚猛不足。	拳掌+1	UI_fi_02_33	4	3	3	(24,1)	0	1	0	2	0	3	0	6	20	3	500021,500023,500199	100014175
100158	神龙天舞脚	势如神龙飞天之态，以腿生风，劲道刚烈无匹，犹如利刃。	拳掌+2	UI_fi_02_33	4	3	4	(24,2)	0	1	0	2	0	2	0	7	13	0	500053,500000	200027001
100159	狂风骤雨	招似狂风暴雨般猛烈，无论对手如何闪躲，都避不开后招，	拳掌+1	UI_fi_02_33	4	3	4	(24,1)	0	1	0	2	0	2	0	7	20	2	500039	100014176
100160	咬杀	敖广于海上见识到鲨鱼争食之态，故而模仿鲨鱼利齿噬咬猎物，运起内力徒手撕裂敌人，死状犹如被分食的尸体。	拳掌+1	UI_fi_02_11	4	3	5	(24,1)	0	1	0	2	0	1	0	6	18	2	500009	100106002
100161	龙腾江海	取天地逍遥任我行之意，招式威猛之余亦不失灵动，有道是：猛若林中虎，迅如水里龙。共分[FF7700]龙腾江海[-]、[FF7700]虎噬山林[-]二式。相当要求习练者腿力根基，须有一定[FF7700]轻功[-]修为方能发挥其威力。	拳掌+1	UI_fi_02_33	4	3	5	(24,1)	0	1	0	2	0	2	1	4	24	4	500017,500200	100014148
100162	虎鹤双形腿	由虎鹤双形拳演化而出，取虎之劲与鹤之意。攻防极为灵活，腿势有狂风般猛烈，有龙腾虎跃之势。	拳掌+1	UI_fi_02_33	4	3	5	(24,1)	0	1	0	2	0	1	0	17	10	0	500053	100014144
100163	佛山无影脚	流传于广东一代的独门武学，以凌空连环踢著名，一招快过一招，令敌人难以招架的腿法。[FF7700]轻功[-]越高，越能展现腿法能力。数百年后，一黄姓武师更将此腿法发扬光大，打败洋鬼子立威中华。	拳掌+1	UI_fi_02_33	4	3	5	(24,1)	0	1	0	2	0	2	0	17	10	0	500053	100014145
100164	如影随形腿	少林七十二绝技中，唯一以腿法为主的招式，一腿既出，其后数招连环而出，如影随形，使敌人退无可退。	拳掌+1	UI_fi_02_33	4	3	5	(24,1)	0	1	0	2	0	2	0	17	10	2	500027,500002	100014176
100165	风神腿	含「风无相」之意，是一种速度极快、威力极高的腿法。没有人知道这套武功的来历。	拳掌+1	UI_fi_02_33	4	3	5	(24,1)	0	1	0	2	0	2	0	6	25	2	500053,987005	100014147
100166	地煞绝命腿	失落已久的绝学，可在倏忽之间，连环踢出七腿，在力尽之际转身，足尖轻点其地，立时又能飞身踢出七腿，使人促不及防。	拳掌+2	UI_fi_02_33	4	3	5	(24,2)	0	0	0	2	0	0	1	5	24	3	500053,500000	100422002
100167	龙吞暴	类似禅宗狮子吼的绝技，以内力发出狂暴的啸声，震碎对手的心脉，施为者需要运行霸道的内功。	气功+1	UI_fi_02_11	4	3	5	(25,1)	0	0	0	2	0	0	1	22	10	3	500039	100126002
100168	满天花雨	为失传已久的独门暗器功夫，出手时暗器有如满天飞舞的落花般散落，无处不在，让敌人无从防备。	箭器+1	UI_fi_02_15	3	3	5	(23,1)	0	1	0	2	0	2	2	5	12	4	500039	100059002
100169	小李飞刀	曾在武林通鉴上排行第三的兵器，但如今留存下来的小李飞刀不过是蜀中唐门揣摩观想后模仿而出的一种暗器手法。小李飞刀，例不虚发，这套手法精妙之处，全在精密计算、预测目标方位后，射出的那记致命一击。	箭器+1	UI_fi_02_15	3	3	5	(23,1)	0	1	0	2	0	3	0	20	13	2	900129	100014151
100170	生死符	以天山六阳掌的内力，将掌中水滴化成冰符，射入敌人经脉之中，使其遭受无穷无尽的痛苦。	箭器+1	UI_fi_02_15	3	3	5	(23,1)	0	1	0	2	0	3	0	6	19	2	500011,500051	100014154
100171	业火红莲	融合了当世数种擒拿手法，透过接触，将自身的业火内劲传入对手的体内，可以此破坏对方的经脉，此招阴损毒辣，也对自身耗损极大。	箭器+1	UI_fi_02_09	3	3	5	(23,1)	0	1	0	2	0	1	0	20	10	0	500004	100011001
100172	血夜隐	攻守随心所欲，全无定势，此招重点在于一个隐字，双手卷缠紧锁，似缓实快，虚实难分。	拳掌+1	UI_fi_02_09	4	3	5	(24,1)	0	1	0	2	0	2	0	15	15	3	500002	100011002
100173	夜叉探海	将暗器套路融入拳掌之中，兼具两家之长，远诛近攻，变化精微。	箭器+1	UI_fi_02_09	4	3	5	(24,1)	0	0	0	2	0	0	1	15	20	3	500023	100011003
100174	奇毒天镖	原为唐门失传绝学之一，暗器手法即是特殊，并以天一奇毒附于其上，中者必死。	箭器+1	UI_fi_02_15	3	3	5	(23,1)	0	1	0	2	1	3	0	14	14	3	500049,500014	100014210
100175	星梭手法	模拟流星坠落之势，将暗器如千百点星光射出。	箭器+1	UI_fi_02_15	3	3	5	(23,1)	0	1	0	2	0	4	0	7	13	0	500011	200039001
100176	飞燕连环手	由飞燕回翔的身法所演化出来，将内力灌注在暗器之中，投掷之时精准异常，且能以内力牵引改变方向。	箭器+1	UI_fi_02_15	3	3	5	(23,1)	0	1	0	2	0	4	0	8	12	0	500011	200039001
100177	风魔手里剑	东瀛忍者的暗器手法，使用一种叫做手里剑的十字尖刃暗器，利于飞行与投掷，是杀人越货的利器。	箭器+1	UI_fi_02_15	3	3	5	(23,1)	0	1	0	2	0	2	1	16	15	2	500011,500003	100014209
100178	摘星九影	相传为偷王之王的绝学，以迅雷不及掩耳的速度、匪夷所思的角度出招，需具备上乘轻功身法，才可施展。	箭器+2	UI_fi_02_15	3	3	5	(23,2)	0	1	0	2	0	2	1	17	15	2	500014,500004	200040001
100179	飞星掷	隐元阁的独门暗器，按动机括，则形如飞星之暗器直射而出后，会突地向左右分开，令人防不胜防。	箭器+1	UI_fi_02_15	3	3	5	(23,1)	0	1	0	2	0	3	0	17	10	0	500052	100080001
100180	爆破陷阱	原为盗墓时所用之炸药，岳胖子加以改良之后，用于对阵之时，亦能收得奇效。	箭器+1	UI_fi_02_15	3	3	5	(23,1)	0	1	0	2	0	2	0	18	15	3	500003,500006	100080002
100181	含沙射影	十大暗器中排行第二，胸前的机关能发射出无数细如牛毛的毒针，只要沾上一根，便立时毙命。	箭器+1	UI_fi_02_15	3	3	5	(23,1)	0	0	0	2	0	0	2	13	20	3	500049,500007	100014209
100182	千九掷	天龙四恶之赌的绝技，由掷骰时的手法演化而成，可连续以独门手法掷出九种不同的暗器，使人难以闪避。	箭器+1	UI_fi_02_15	3	3	5	(23,1)	0	1	0	2	0	3	0	11	8	0	500011	100129001
100183	逍遥扇	无瑕子自庄子逍遥游所创之扇功，以逍遥派独门心法为基础，能吸纳天地正气，增进自身修为，每出一招，人便能精神一分；配合精妙的步法，使动之际有如不食人间烟火的仙人一般。	钢鞭+1	UI_fi_02_31	7	3	5	(27,1)	0	1	0	2	3	1	0	9	10	0	500007,500014	100014163
100184	桃花扇	忘忧七贤之书生年轻时所创的扇法，非以杀敌取胜，而是以怜香惜玉，回护佳人为目的；因此招式多守御，少进攻，若与心意相通的伴侣一同并肩作战，就能发挥此扇法的真正威力。	钢鞭+1	UI_fi_02_31	7	3	5	(27,1)	0	1	0	2	0	2	0	8	11	0	500027,500003	100014165
100185	天龙八部功	不知出处的神秘功法，因气息在体内运行的脉络呈现龙的形状，因而得名。功成者每突破一次周天，体内经脉便会宽大一分，累积更强大的爆发力。于战斗中运行此功体，可以[FF7700]恢复气血[-]，并提升[FF7700]攻击、暴击、反击、回避[-]等多项能力。	气功+1	UI_fi_02_17	5	3	5	(25,1)	0	1	0	2	0	1	0	8	12	0	500017,500019	100014178
100186	余音绕梁	以余韵不绝之琴音平复人心，于战斗中运行此功法，则能将场上各式功体效果延长三回合。	气功+1	UI_fi_02_13	5	3	5	(25,1)	0	1	0	2	0	2	0	9	10	0	0	100014166
100187	狂风迅雷功	百年前蒙古国师一名座下弟子的铁扇绝技，以刚猛内力为基础催动折扇，更有掷扇远击的奇招。挥舞之际能产生强大劲风，伴随习练者呼啸喝叱，有如风雷齐鸣，故有「狂风迅雷」之称，	钢鞭+2	UI_fi_02_31	7	3	5	(27,2)	0	0	0	2	0	0	2	6	18	2	500010	100014180
100188	意乱情迷	善用女人柔软的肢体与神态，以美妙的身法与姿态吸引敌人注意力，使人意乱情迷后，在恍惚中被取走性命，对象为男人时，则伤害加倍。	气功+1	UI_fi_02_25	5	3	5	(25,1)	0	1	0	2	0	2	0	6	17	3	500002	100105002
100189	花开四季	夜飘香的成名绝技，施招时优雅无比，犹如群芳盛开。	刚鞭+1	UI_fi_02_31	7	3	5	(27,1)	0	1	1	1	1	3	0	20	15	3	500058,500032	200044001
100190	弹指神通	将内力贯注于物品之上弹出，内力深厚者，即使一块小石子都能于数丈之外取敌性命。	箭器+1	UI_fi_02_15	3	3	5	(23,1)	0	1	0	2	0	3	0	6	30	2	500002,500008	200044002
100191	九龙攀云	史家家传的棍法，招式已强攻为主，棍法可刚可柔，招式奇异，且走势似直非直，自有一套轨迹身法。	枪棍+1	UI_fi_02_27	8	0	5	(28,1)	0	1	0	2	0	2	0	12	15	0	500001	100066001
100192	六扇棍法	共有六六三十六招，多为守势，招招严谨自持，滴水不漏。	枪棍+1	UI_fi_02_27	8	0	5	(28,1)	0	1	0	2	3	1	0	15	15	0	500001	100066001
100193	不动明王棍	出棍之时，以身带手，人棍合一，进若烈火奔腾之势，退如疾风之速。不动如山，动则雷霆，持棍者讲求心神宁定，处变不惊。	枪棍+1	UI_fi_02_27	8	1	5	(28,1)	0	0	0	2	0	0	4	8	12	2	500028	200038001
100194	禅意自在棍	讲求逍遥自适的的圆满境界，身随心转，意到棍到，无论对手防备的如何严密，都能寻隙而破。	枪棍+1	UI_fi_02_27	8	1	5	(28,1)	0	1	0	2	3	1	0	8	20	0	500042,500020	200038002
100195	风随白云飞	虽为棍法，其中却隐含着十八般兵器的招式，以柔克刚的手法为主，可收到借力打力之效。	枪棍+1	UI_fi_02_27	8	1	5	(28,1)	0	0	0	2	0	0	1	6	22	3	500001,500025	100014059
100196	达摩武诀	讲求天地自然，生生不息之法，即便对阵之时，仍有调息之用，可提高各种状态，不惧久战。	枪棍+1	UI_fi_02_27	8	1	5	(28,1)	0	1	0	2	3	1	0	5	28	3	500012	200038001
100197	大闹天宫	犹如齐天大圣大闹天宫，一出手便是连环猛击，以重重棍影横扫四周，如入无人之境。	枪棍+1	UI_fi_02_27	8	0	5	(28,1)	0	1	0	2	0	1	1	14	20	4	500014,600054	100014066
100198	疯魔棍法	少林七十二绝技之一，出招之时猛若疯虎、势如天魔。招招只进不退，犹如癫狂之人。	枪棍+1	UI_fi_02_27	8	0	5	(28,1)	0	1	0	2	0	1	1	17	15	4	500000,987007	100014060
100199	灵蛇杖法	含有棒法、棍法、杖法的路子，招数繁复，自不待言。	枪棍+1	UI_fi_02_27	8	2	5	(28,1)	0	1	0	2	0	2	0	7	13	0	500008,500018	100014064
100200	大须弥山棍	运用精微巧妙的手法，以迅雷不及掩耳的速度，声东击西，迫使对方回身自救，从而趁隙夺走兵刃。	枪棍+1	UI_fi_02_27	8	2	5	(28,1)	0	1	0	2	3	1	0	20	16	4	987042	100014065
100201	天下无狗	打狗棒法最为精妙的一招，此招一出，四面八方皆棍影，劲风扫过之处，无论面前有多少恶犬，皆能击毙。	枪棍+2	UI_fi_02_27	8	2	5	(28,2)	0	0	0	2	0	0	1	5	22	3	500014,600054	100100003
100202	醉卧乾坤	以酒意激起内力，身法看似踉跄，有如醉汉倒卧于地，出招却也有如醉汉般，令人难以推测下一步行动。	枪棍+1	UI_fi_02_27	8	0	5	(28,1)	0	0	0	2	0	1	1	8	12	2	500020,500026	100014062
100203	一醉逍遥	腿走八卦，看似醉眼朦胧，跌跌撞撞，实则形醉心不醉，融合各家擒拿之术，可有效封锁敌人的行动。	枪棍+1	UI_fi_02_27	8	3	5	(28,1)	0	1	0	2	0	2	0	6	16	0	900128	100014061
100204	天王枪法	枪如龙飞之态，急进连击，讲究攻守兼施，以封、闭、拦、缠四字为要诀，气势宏大迅疾，出招时犹如电光击石。	枪棍+2	UI_fi_02_27	8	0	5	(28,2)	0	0	0	2	0	0	1	8	15	3	500132,500004,500000	100014171
100205	回马枪	相传为唐氏一族的绝技之一，假露败象，后趁敌不备，突然掉头袭击对方，若此招练至化境，则没有枪头也能戳死人。	枪棍+1	UI_fi_02_27	8	0	5	(28,1)	0	1	0	2	1	2	0	9	10	0	500039,500014	100014170
110001	银月勾魂	修罗宫双轮绝技，以轮刃圈住敌人首级，令其人头落地。	钢鞭+1	UI_fi_02_23	7	3	5	(27,1)	0	1	0	2	1	3	0	13	12	0	500018,500056	100054001
110002	七宝天岚	由苗疆女子的舞蹈演化而出，姿态优美曼妙，自带一股摄人心魄的诱惑感，从而使敌人的攻击落空。心志不坚者，甚至有可能受到诱惑而产生混乱感。	钢鞭+1	UI_fi_02_23	7	3	5	(27,1)	0	0	0	2	0	0	2	12	15	2	500003,500027	100054002
110003	日月星尘	日月双轮的绝招之一，以令人眼花撩乱的手法将双轮抛飞，在敌人目不暇给之时倏然夺命。	钢鞭+1	UI_fi_02_23	7	3	5	(27,1)	0	1	0	2	1	3	0	14	20	3	500014,500007	100054003
110004	银月勾魂	修罗宫双轮绝技，以轮刃圈住敌人首级，令其人头落地。	钢鞭+1	UI_fi_02_23	7	3	5	(27,1)	0	1	0	2	0	2	0	9	10	0	500004	100133001
110005	游龙剑术	游进自创之剑招，使用腰间软剑施展，以内力将软剑的特性发挥到极致，剑若游龙，招式绵密细腻，变化无穷，以不可思议的角度刺向对方，无孔不入。	剑法+1	UI_fi_02_03	1	3	5	(21,1)	0	1	0	2	1	3	0	9	10	0	500027	210055001
110006	龙游浅水	游龙剑术第二式，刻意出卖破绽给敌人，趁敌人以为有机可趁而狂喜之际，忽然一跃而出，一击将敌人击杀的狠辣剑术。对搏击类武功特别有牵制效果。	剑法+1	UI_fi_02_03	1	3	5	(21,1)	0	1	0	2	0	2	1	5	24	3	500004	100012002
110007	飞龙在天	从天而降的剑术，其威力堪比天外飞仙。	剑法+1	UI_fi_02_03	1	0	5	(21,1)	0	1	0	2	3	1	0	5	28	3	500014,500012	100012003
110008	傀线击	以手中操控尸体的天蚕线进行攻防，线身十分锋利，足以将敌人给绞杀。作为防御的效果也十分出众。可说是居家旅行、杀人越货的神物。	箭器+1	UI_fi_02_25	3	0	5	(23,1)	0	0	0	2	0	0	1	10	15	0	500052,500056	200005001
110009	操尸术	尸傀的独门绝技，以毒蛊炼化习武之人的尸体，并在对敌之时操纵此尸体以为己用。尸体生前的武功越高，则威力越强大。	拳掌+1	UI_fi_02_25	4	0	5	(24,1)	0	1	0	2	1	3	0	20	10	3	500052,500001	200005001
110010	尸毒瘴气	尸傀儡身上所喷出的毒气，会造成眩晕的效果。	气功+1	UI_fi_02_25	5	1	5	(25,1)	0	1	0	2	0	3	1	10	25	3	500012,500049	100104002
110011	散魂血爪	尸傀以操尸术控尸所使出的招式，尸身上头甚至连血液中都布满剧毒，只要被尸傀儡抓伤，便是见血封喉。	拳掌+1	UI_fi_02_09	4	0	5	(24,1)	0	1	0	2	0	3	0	20	10	2	500009,987006	200008001
110012	噬血	欧阳笑饲养在寒蝠洞的蝙蝠，一旦被其咬噬，则会被身中寒毒。	无	UI_fi_02_25	0	3	5	0	0	1	0	2	0	2	0	15	10	0	500023	200010001
110013	寒蝠神掌	极为阴毒的掌法，中掌者全身血液会逐渐凝结，最后七孔流血而死。	拳掌+1	UI_fi_02_09	4	3	5	(24,1)	0	1	0	2	0	2	0	8	12	0	500028	200009001
110014	只手遮天	利用刚猛的掌力，以玄冥寒气攻击敌手，使对手身中剧毒。此招虽然威力非凡，但若碰上内功远高于自身的对手，极有可能遭到反噬，苦不堪言。	拳掌+1	UI_fi_02_09	4	3	5	(24,1)	0	1	0	2	0	2	0	6	18	0	500028	200009001
110015	玄冥双行	玄冥神掌最为厉害的绝招，非内外功均臻至化境者无法施展。此招乃是在惊涛骇浪升华，如何习得端看自身造化。	拳掌+1	UI_fi_02_09	4	3	5	(24,1)	0	1	0	2	1	3	0	16	15	0	500009,910018	200009001
110016	千军万马刀	前朝骑兵的所学的基础刀法，招式简单，在战场上却极有效用。	刀法+1	UI_fi_02_01	2	0	5	(22,1)	0	1	0	2	0	3	0	12	10	0	500199,500194	100112001
110017	曼荼罗轮舞	孔雀王朝绝顶心法，将内力形成一股漩涡，借势用劲，一推一挡间，化去敌人招式，彷若翩翩起舞之态。	气功+1	UI_fi_02_23	5	3	5	(25,1)	0	1	0	2	3	1	0	13	12	0	500014,100123	200003001
110018	六道圆满	曼荼罗轮舞中最精髓的招式。将手中的双轮盘旋掷出，多次攻击敌人后再收回，且力道依次递增，狠辣非常。	气功+1	UI_fi_02_23	5	3	5	(25,1)	0	0	0	2	0	0	1	14	20	2	500016,500000	200003002
110019	孔雀真言	出自孔雀明王咒，以内力念诵真言，有迷惑心神之效，此套武功纯以心力制敌，若对手内力深厚，则会反噬其身。	气功+1	UI_fi_02_17	5	1	5	(25,1)	0	1	0	2	3	2	0	10	30	3	500009,500023	200003003
110020	罗煞追魂枪	罗煞自创之武学，步法进退有度，上下翻动，枪头皆不离对手心脏三尺之处，使敌有步步追魂索命之感。虽只一式，然一枪快过一枪，可谓无坚不催、罕逢敌手！	枪棍+1	UI_fi_02_27	8	0	5	(28,1)	0	1	0	2	0	1	1	7	20	3	500011,500052	200025001
110021	屠牛药叉	仅有三招，相传为当年桃花岛主所传下，并无繁复变化，威力只凭日日积累的功底。	拳掌+1	UI_fi_02_27	4	0	5	(24,1)	0	1	0	2	1	2	0	8	12	0	500027,500024	200026001
110022	蚩尤毒掌	掌中带有剧毒，出招时似缓时快，掌势雄浑，夹杂着腥臭之气。	拳掌+1	UI_fi_02_09	4	1	5	(24,1)	0	0	0	2	0	0	1	5	23	2	500049,500035	200026002
110023	生死判	为一近身搏击之术，招式应变奇速，只要与敌人接触，立刻以擒拿抓打之法，不留一丝喘息的空间。	钢鞭+1	UI_fi_02_25	7	0	5	(27,1)	0	1	0	2	1	2	0	10	10	0	500027	100109001
110024	生死无常	为一近身搏击之术，招式应变奇速，只要与敌人接触，立刻以擒拿抓打之法，不留一丝喘息的空间。	钢鞭+1	UI_fi_02_25	7	0	5	(27,1)	0	1	0	2	0	1	0	7	20	1	500009	100109002
110025	阎王索命	凭恃着深厚的内家功夫，招招只往人体各大要害攻击，中者如遭雷击，顷刻间丧命，犹如阎王催命。	钢鞭+1	UI_fi_02_25	7	3	5	(27,1)	0	1	0	2	0	3	0	10	10	0	500028	100110001
110026	哭嚎钩	凭恃着深厚的内家功夫，招招只往人体各大要害攻击，中者如遭雷击，顷刻间丧命，犹如阎王催命。	钢鞭+1	UI_fi_02_25	7	3	5	(27,1)	0	1	0	2	0	1	0	7	20	1	500004	100110002
110027	万兽刀法	兽王庄镇庄武学，仿效诸多猛兽之形，或扑击、或撕咬，招招充满野性与爆发力。	刀法+1	UI_fi_02_01	2	0	5	(22,1)	0	1	0	2	0	2	0	9	10	0	500011	200030001
110028	战国杀	黑冢罗王的独门绝招，施展之时，可在四周形成一个灼热沸腾的阵法，能以内力操控热流大范围攻击，敌人有如被抽干四周空气，犹如火烧而死。	气功+1	UI_fi_02_15	5	3	5	(25,1)	0	1	0	2	1	3	0	6	20	0	500132,500074	200032001
110029	影分身幻杀	东瀛秘法，可幻化出数个分身，用以扰敌耳目。	气功+1	UI_fi_02_15	5	3	5	(25,1)	0	1	0	2	0	1	1	4	40	3	500010	200032002
110030	红袖添香	东瀛传来的秘法之一，施展之时，内力在激发运转之下会形成一片红雾，触者即死。	气功+1	UI_fi_02_15	5	3	5	(25,1)	0	0	0	2	0	0	3	11	10	4	500012,500039	200032003
110031	虎咬	以利齿咬噬敌人。	无	UI_fi_02_09	0	0	5	0	0	1	0	2	0	3	0	20	10	0	987005,500052,500008	200036001
110032	虎撕	以利爪撕裂猎物。	无	UI_fi_02_09	0	0	5	0	0	1	0	2	0	3	0	17	15	2	987005,500052,500004	200037001
110033	五虎断门刀	相传为五虎门中的武学，以砍、切、挡、扫、截五式为基础，刀法刚猛，只攻不守，以攻势为守势，威力强大。	刀法+1	UI_fi_02_01	2	0	5	(22,1)	0	1	0	2	0	2	0	9	10	0	500011,987035	100111001
110034	三才剑术	以天地人三才及五行步法搭配而成，招式虽难学难精，一旦掌握其相生相克的奥妙，则变化多端，让人难以抵御。	剑法+1	UI_fi_02_03	1	3	5	(21,1)	0	1	0	2	0	2	0	9	10	0	500011	100012003
110035	通臂拳	自战国时流传至今，原为养身健体之用，仿效长臂猿猴之态，后加入太极拳之技巧，成为极富威力的一门拳法。	拳掌+1	UI_fi_02_11	4	1	5	(24,1)	0	1	0	2	0	2	0	9	10	0	100123	100012003
110036	罗汉伏魔棍	需以佛家内功驱使，需摒除贪嗔痴三毒，此棍法纯以佛法震慑诸恶，以刚克柔，极为消耗真力。	枪棍+1	UI_fi_02_27	8	0	5	(28,1)	0	0	0	2	0	0	1	16	15	0	500001,500022	100052002
110037	罗汉拳	少林寺基础入门武功之一	拳掌+1	UI_fi_02_11	4	0	5	(24,1)	0	1	0	2	0	1	0	19	10	0	500000	100053002
110038	武当剑术	武当基础剑术，刚柔相济，搭配身法，将剑的轻灵迅巧发挥到极致，多采守势，拖延游斗之用。	剑法+1	UI_fi_02_03	1	1	5	(21,1)	0	1	0	2	0	1	0	9	10	0	500011	100042001
110039	干三连	武当基础剑术，刚柔相济，搭配身法，将剑的轻灵迅巧发挥到极致，多采守势，拖延游斗之用。	剑法+1	UI_fi_02_03	1	1	5	(21,1)	0	1	0	2	0	1	0	6	18	2	500004,500026	100042002
110040	莲花棍法	为丐帮入门武学之一，进退灵动，身法飘忽不定，沾连缠绕变化莫测，若有两人以上，可结为莲花落阵，威力倍增。	枪棍+1	UI_fi_02_27	8	3	5	(28,1)	0	1	0	2	0	2	0	9	10	0	500010	100012003
110041	四大美人曲	曲意中蕴含中国四大美人之意，所谓昭君出塞、西施捧心、貂蝉拜月、贵妃醉酒。武学的发挥程度与[FF7700]音律[-]艺能有相当的关系。	气功+1	UI_fi_02_13	9	1	5	(25,1)	0	1	0	2	0	2	0	6	20	0	500010	100012003
110042	七弦剑意	将音律化至剑招之中，一招一式皆合于音律节奏，时而激越昂扬，剑招越攻越急，时而婉转低回，剑势亦如庭中舞剑。	气功+1	UI_fi_02_13	9	1	5	(25,1)	0	1	0	2	0	2	0	6	20	0	500010	100012003
110043	飞瀑连天诀	出自残花宝鉴的武功，有如飞瀑一般发出连环快剑。由于出招迅捷，因此需要有相应的轻身功夫，才能精准的击中对手。	剑法+1	UI_fi_02_03	1	1	5	(21,1)	0	1	0	2	0	2	0	6	20	0	500010	100012003
110044	问情	剑术虚实不定，宛若动情之人心中忐忑不定，剑招密密麻麻，如同织起一张绵密的网，交手之时越长，则此剑网越为坚固。	剑法+1	UI_fi_02_03	1	1	5	(21,1)	0	1	0	2	0	2	0	6	20	0	500010	100012003
110045	青龙刀法	三国名将关羽以青龙偃月刀使出的绝技，经数代关家后人传承后，将招式改为短兵器之用。招式注重实用，以斜劈横砍为主，势凶招险，锐不可挡。	刀法+1	UI_fi_02_01	2	0	5	(22,1)	0	1	0	2	0	2	0	9	10	0	500010	100012003
110046	狂风剑术	天剑门绝技，以内力引导剑身，持剑挥舞之际隐含凌厉风声，出招时更是一剑快似一剑，有狂风怒号之威。	剑法+1	UI_fi_02_03	1	3	5	(21,1)	0	1	0	2	0	2	0	9	10	0	500010	100012003
110047	阴阳极刀	阴中有阳，阳中有阴，此刀法虽为迅猛刚劲一路，大开大阖，却刚柔并济，招式使来却如行云流水而不失其势。	刀法+1	UI_fi_02_01	2	0	5	(22,1)	0	1	0	2	0	2	0	9	10	0	500010	100012003
120001	龙擒功	世上少见可藉由内力控制气劲，以达隔空取物的功夫。神功大成后，真气充盈于体内，可于四周形成强大吸力，凌空形成气墙，夺人兵刃。	气功+1	UI_fi_02_09	5	0	5	(25,1)	0	0	0	2	0	2	1	7	15	0	500008,500028	100005003
120002	独尊龙王诀	龙王自创的心法，以霸道的手法重塑奇经八脉，为一种无坚不摧、至刚至猛的霸体真气。	气功+1	UI_fi_02_09	5	1	5	(25,1)	0	1	0	2	0	2	1	6	20	2	500013,500014,500023	100005002
120003	龙图山河啸	龙王的独门内功，凝聚内力发出的清啸之声，犹如平地一声雷，声闻数里，令人肝胆俱裂，丧失战意。	气功+1	UI_fi_02_09	5	1	5	(25,1)	0	0	0	2	0	0	3	5	30	3	500027,500000,500051	100005001
120004	摧魂百毒掌	阴损的掌法，将含带毒质的内劲攻入对方心脉，使其中毒而死。威力完全看修练者的[FF7700]毒功[-]而定。分为断魂奇毒、鬼哭神号二式。	拳掌+1	UI_fi_02_25	4	1	5	(24,1)	0	1	0	2	0	2	0	17	10	0	500052,500006	100010001
120005	离魂七步手	以自身毒功为主，掌中含有剧毒，中者脸色发黑，七步之内必亡。	拳掌+1	UI_fi_02_25	4	1	5	(24,1)	0	1	0	2	0	2	0	17	15	2	500005,500006,987006	100010002
120006	杯弓蛇影	运功之时，双臂皆泛青绿之色，出掌之时带起毒雾，使对手有所顾忌，因而缚手缚脚，达到震慑之效。	拳掌+1	UI_fi_02_25	4	1	5	(24,1)	0	1	0	2	3	1	0	15	20	3	500049	100010003
120007	绞杀术	为移魂大法的残篇，比斗中以内力催眠心智不坚定之人，进而加以控制，以供己淫乐。	拳掌+1	UI_fi_02_09	5	1	5	(25,1)	0	1	0	2	0	2	0	9	10	0	500014,990132	100105001
120008	迷情大法	为近身搏击之法，以手肘、大腿等处绞杀对手的脖颈、腰椎等脆弱之处。	拳掌+1	UI_fi_02_09	4	3	5	(24,1)	0	1	0	2	0	2	0	7	16	3	500014,500002	100105002
120009	暴拳	毫无美学与技巧可言，单纯用暴力将敌人痛殴到死。	拳掌+1	UI_fi_02_11	4	0	5	(24,1)	0	1	0	2	0	2	0	9	10	3	500014,500002	100105002
120010	咬杀	敖广于海上见识到鲨鱼争食之态，故而模仿鲨鱼利齿噬咬猎物，运起内力徒手撕裂敌人，死状犹如被分食的尸体。	拳掌+1	UI_fi_02_09	4	0	5	(24,1)	0	1	0	2	0	1	0	12	10	0	500008,500009	100106001
120011	含蛊喷人	将体内毒息朝敌人喷出，使敌人毒发身亡。	气功+1	UI_fi_02_25	5	1	5	(25,1)	0	1	0	2	2	2	0	15	15	3	910180	100104001
120012	厄难毒气	将体内毒息朝敌人喷出，使敌人毒发身亡。	箭器+1	UI_fi_02_25	4	1	5	(23,1)	0	1	0	2	0	2	1	4	25	3	500049,500012	100104002
120013	吞食天地	天龙四恶中吃的绝技，招式以力见长，直取喉骨心脉之处，务求将人立毙于掌下。	拳掌+1	UI_fi_02_11	4	0	5	(24,1)	0	1	0	2	0	1	0	22	10	0	500039,500023	100126001
120014	龙吞暴	类似禅宗狮子吼的绝技，以内力发出狂暴的啸声，震碎对手的心脉，施为者需要运行霸道的内功。	拳掌+1	UI_fi_02_11	4	0	5	(24,1)	0	0	0	2	0	0	2	13	20	3	500004	100126002
120015	牛饮	天龙四恶中喝的绝技，以坛灌酒入腹之后，再以内力引导，将腹中酒水化为水箭激射而出。	拳掌+1	UI_fi_02_11	4	1	5	(24,1)	0	1	0	2	1	2	0	18	10	0	500026	100127001
120016	甩酒壶	天龙四恶中喝的绝技，以流星锤之手法操控，为最难修练的兵器之一，讲究缠、绕、点的动作，稍有不慎，便会伤及自身。	拳掌+1	UI_fi_02_11	4	0	5	(24,1)	0	1	0	2	3	1	0	16	15	2	500021	100127002
120017	虎爪绝户手	源自武当派的虎爪绝户手，招招阴损狠毒，专找敌人最为脆弱之处，使人断子绝孙、灭门毁户。	拳掌+1	UI_fi_02_09	4	3	5	(24,1)	0	1	0	2	0	1	0	22	10	0	500057,910085	100128001
120018	鹰指功	由鹰爪功脱胎换骨而来，专注于指法之上，将全臂之力灌注于十指之上，能洞穿铁板。	拳掌+1	UI_fi_02_35	4	3	5	(24,1)	0	1	0	2	0	1	0	18	15	2	500010,500004	100128002
120019	千九掷	天龙四恶之赌的绝技，由掷骰时的手法演化而成，可连续以独门手法掷出九种不同的暗器，使人难以闪避。	箭器+1	UI_fi_02_15	3	3	5	(24,1)	0	1	0	2	0	3	0	15	12	0	500052,500008	100129001
120020	灌骰八打	本为赌桌上以特殊手法控制骰子的点数。此招拳法即是运用此巧劲，心随意转，可随时改变发力的方向。	箭器+1	UI_fi_02_15	3	3	5	(23,1)	0	1	0	2	0	3	0	20	13	2	500027,500051	100129002
120021	空明拳	为天下至柔之拳术，由道德经中所化出，经中有言，兵强则灭，木强则折。出招之际，拳力若有似无，使对手无着力之处，难以还击。	拳掌+2	UI_fi_02_11	4	3	5	(24,2)	0	1	0	2	0	1	0	10	12	0	500015	200045001
120022	三花聚顶掌	全真派最为精妙细微的掌法，观想头顶聚顶三花，将全身真气凝于一线，转为磅礡掌劲攻击对手。	拳掌+2	UI_fi_02_11	4	3	5	(24,2)	0	1	0	2	1	2	0	9	10	0	500000	200045002
120023	太王四神剑	逍遥谷绝学，无瑕子观想四圣姿态，领悟而出，威力端看修练者的[FF7700]剑术[-]修为。招式有青龙啸天、凤翼天翔、不动如山。	剑法+1	UI_fi_02_03	1	3	5	(21,1)	0	1	0	2	0	1	1	9	10	0	500013	100014046
120024	堪舆剑	源于上古时期的河图洛书，结合了九宫星象以及阴阳五行之法，相克相生，衍生出无穷剑意。	剑法+1	UI_fi_02_03	1	2	5	(21,1)	0	1	0	2	0	1	0	9	10	0	900013	100014040
120025	白虹贯日	西域吐蕃流传的至上武功，唯内功修为高者才得以施展。凝聚内力于掌缘，再以此伤敌，内力高强者甚至能隔空伤人，与六脉神剑堪称一时瑜亮。	气功+1	UI_fi_02_17	5	1	5	(25,1)	0	1	0	2	0	2	0	9	10	0	500010	200046001
120026	涅盘火焰刀	西域吐蕃流传的至上武功，唯内功修为高者才得以施展。凝聚内力于掌缘，再以此伤敌，内力高强者甚至能隔空伤人，与六脉神剑堪称一时瑜亮。	气功+1	UI_fi_02_17	5	1	5	(25,1)	0	1	0	2	0	3	0	9	10	0	990301,500027	200046001
120027	孽镜沉暮	阎罗自创的刀法绝技，一共十招，每招都对应一位地府十王，或诡谲、或霸道、或阴毒、或阳刚。最后一式转轮更号称中者必亡。	刀法+1	UI_fi_02_01	2	0	5	(22,1)	0	1	0	2	1	3	0	10	10	0	500004	100014054
120028	八方藏刀式	此刀法以快为要，出手时须在四面八方连斩一十六刀，多于夜晚临敌之用，使人难以抵御，亦常用于抵挡各处袭来的暗器剑矢。	刀法+1	UI_fi_02_01	2	3	4	(22,1)	0	0	0	2	0	0	1	12	7	2	500008,900094	100019001
120029	缠身摘心刀	胡家刀法之一，此刀法以快为要。缠身乃指快刀攻敌周身，而韵摘心一击于其中。	刀法+1	UI_fi_02_01	2	3	5	(22,1)	0	1	0	2	1	2	0	6	10	2	500001	100019002
120030	闭门铁扇刀	胡家刀法中，长于守势的一招。虽然采取守势，却寓守于攻。	刀法+1	UI_fi_02_01	2	3	6	(22,1)	0	0	0	2	0	0	1	5	15	3	500126	100019003
120031	千本千鸟	为失传已久的独门暗器功夫，出手时暗器有如满天飞舞的落花般散落，无处不在，让敌人无从防备。	箭器+1	UI_fi_02_15	3	3	5	(23,1)	0	1	0	2	0	2	1	6	10	2	500007	100059002
120032	草薙剑	草薙剑乃扶桑国三神器之一，传为大蛇之尾所化。此剑法以此为名，乃是源于对虚佐之男的崇拜。	剑法+1	UI_fi_02_03	1	3	5	(21,1)	0	1	0	2	0	2	0	9	10	0	500052	100091003
120033	洪家铁线拳	为洪家所创，当年是难得一见的内家拳。可惜与其配套的心法已失传，现在仅余其形。	拳掌+1	UI_fi_02_11	4	1	5	(24,1)	0	1	0	2	0	1	0	7	17	0	500009	100025001
120034	力劈华山	常见的江湖刀招，亦有拳脚功夫以此为名。	刀法+1	UI_fi_02_01	2	3	5	(22,1)	0	1	0	2	0	1	0	9	10	0	500010,500018	100078001
120035	挑衅	挑衅激怒，令人丧失心神，盲目进攻。	无	UI_fi_02_25	4	0	5	0	0	0	0	2	0	0	1	10	10	2	910001	990024003
120036	凶焰	激起发疯的群众，使他们状若疯魔地猛攻。	无	UI_fi_02_25	4	0	5	0	0	0	1	1	0	0	2	10	10	1	910003	100067003
120037	移弦夺魄	萧复所奏魔音，令入魔者嗜血无比。	气功+1	UI_fi_02_13	5	0	5	(25,1)	0	0	1	1	0	0	2	10	10	3	900135,900144	100014140
120038	厉魔夺魂	萧复所奏魔音，激发入魔者潜能，令其无视身上所有伤痛。	气功+1	UI_fi_02_13	5	0	5	(25,1)	0	0	1	1	0	0	2	9	10	3	500041	100014139
120039	戮魂七诛	无形魔音化为剑气，令人防不胜防。	气功+1	UI_fi_02_13	5	0	5	(25,1)	0	1	0	2	1	3	0	9	10	1	500027	100007001
120040	蛇咬	普通的蛇咬。	无	UI_fi_02_09	4	0	5	0	0	1	0	2	0	1	0	9	10	0	500006	100970001
120041	荒咬	缠卷加上咬。	无	UI_fi_02_09	4	0	5	0	0	1	0	2	0	1	0	7	16	2	500006,500008	100970002
120042	蛇咬	普通的蛇咬。	无	UI_fi_02_09	4	0	5	0	0	1	0	2	0	1	0	9	10	0	500006	100970001
120043	荒咬	缠卷加上咬。	无	UI_fi_02_09	4	0	5	0	0	1	0	2	0	1	0	7	16	2	500006,500008	100970002
120044	毒咬	常见蟒类虽都无毒，但偶有毒蛇因生长年岁久而体型巨大。须当心毒液。	无	UI_fi_02_09	4	0	5	0	0	1	0	2	3	1	0	7	16	3	500006,500005,500001	100970003
120045	狂风剑术	天剑门绝技，以内力引导剑身，持剑挥舞之际隐含凌厉风声，出招时更是一剑快似一剑，有狂风怒号之威。	剑法+1	UI_fi_02_03	1	2	3	(21,1)	0	1	0	2	1	2	0	15	12	0	500011,500052	100072001
120046	暗度陈仓	狂风剑术的变招之一，与寻常的招式大异其趣，出剑时寂静无声，用以偷袭。	剑法+1	UI_fi_02_03	1	2	4	(21,1)	0	1	0	2	0	2	0	25	10	2	500017,100039	100072002
120047	狂风暴雨	狂风剑术里威势最盛的一招，但却非上乘武学。或许该与其他招式配合，例如绝刀门的……	剑法+1	UI_fi_02_03	1	2	5	(21,1)	0	1	0	2	2	2	0	18	15	3	500007,500027,987098	100072002
120048	阴极刀	绝刀门奥秘之一，刀招阴柔难测，练到极致却可阴极生阳。	刀法+1	UI_fi_02_01	2	0	3	(22,1)	0	1	0	2	3	1	0	16	10	0	500132	100085001
120049	阳极刀	绝刀门奥秘之一，刀招阳刚浩荡，练到极致却可阳极阴生。	刀法+1	UI_fi_02_01	2	0	5	(22,1)	0	1	0	2	0	1	1	18	13	2	500003,500022	100085002
120050	阴阳绝刀	绝刀门最终奥秘，将阴阳刀势合而为一的一招。	刀法+1	UI_fi_02_01	2	0	6	(22,1)	0	0	0	2	0	1	1	18	16	3	500012,500008	100085003
120051	噬咬	关门放狗	拳掌+1	UI_fi_02_09	4	0	5	(24,1)	0	1	0	2	0	1	0	9	10	0	500052	910007001
120052	狂咬	关门放狗	拳掌+1	UI_fi_02_09	4	0	5	(24,1)	0	1	0	2	0	1	0	9	10	3	500023	910007001
120053	少林刀法	少林寺入门刀法。	刀法+1	UI_fi_02_01	2	0	5	(22,1)	0	1	0	2	3	1	0	18	10	0	500004	100051001
120054	少林棍法	少林寺入门棍法。	枪棍+1	UI_fi_02_27	8	0	5	(28,1)	0	1	0	2	0	2	0	20	10	0	500000	100052001
120055	少林长拳	少林寺入门拳法。	拳掌+1	UI_fi_02_11	4	1	5	(24,1)	0	1	0	2	0	1	0	15	10	0	500052	100053001
120056	天鬼爪	天龙教众入门武学。	拳掌+1	UI_fi_02_09	4	3	5	(24,1)	0	1	0	2	0	1	0	9	10	0	500004	100130001
120057	玄龙印	天龙教众进阶武学。	拳掌+1	UI_fi_02_09	4	1	5	(24,1)	0	1	0	2	3	1	0	9	10	3	500010	100136001
120058	厄鬼冲	天龙教众特殊武学。	拳掌+1	UI_fi_02_09	4	0	5	(24,1)	0	1	0	2	0	1	0	9	10	0	100124	100025001
120059	牙突	据说是东瀛剑术高手斋藤式所创。原本只是普通的平突刺，但配合特殊步法「梭地」后可发挥最大的威力。	剑法+1	UI_fi_02_03	1	3	5	(21,1)	0	1	0	2	0	1	0	9	10	0	500028,500004	100116001
120060	神农除瘴	神农杂鱼	钢鞭+1	UI_fi_02_27	7	0	5	(27,1)	0	1	0	2	0	1	0	17	10	0	500001	100097001
120061	口试百药	神农杂鱼	钢鞭+1	UI_fi_02_27	7	0	5	(27,1)	0	1	1	1	0	1	0	15	20	3	500037	100097002
120062	斩马刀法	西域残兵刀	刀法+1	UI_fi_02_01	2	0	5	(22,1)	0	1	0	2	0	1	0	9	10	0	500003	100112001
120063	万马奔腾	西域残兵刀	刀法+1	UI_fi_02_01	2	0	5	(22,1)	0	1	0	2	3	0	0	9	10	0	500004	100112001
120064	狼牙棒法	西域阿萨辛	钢鞭+1	UI_fi_02_27	7	0	5	(27,1)	0	1	0	2	0	1	0	7	16	0	500001	360087001
120065	狼牙风风棒	西域阿萨辛	钢鞭+1	UI_fi_02_27	7	0	5	(27,1)	0	1	0	2	0	1	0	6	35	2	500008,500027,500022	360088001
120066	狂咬	关门放狗	无	UI_fi_02_09	4	0	5	0	0	1	0	2	0	1	0	9	10	0	500052	910007001
120067	撕心裂肺	关门放狗	无	UI_fi_02_09	4	0	5	0	0	1	0	2	0	1	0	6	20	2	500023,500004	910007001
120068	熊抱	熊	无	UI_fi_02_09	4	0	5	0	0	1	0	2	0	1	0	9	10	0	500009,500021	100969001
120069	撕裂	熊	无	UI_fi_02_09	4	0	5	0	0	1	0	2	0	1	0	9	10	3	500023,500009	100969002
120070	鳄齿咬噬	鳄鱼	无	UI_fi_02_09	4	0	5	0	0	1	0	2	0	1	0	9	10	0	500052	910004001
120071	鳄口饕餮	鳄鱼	无	UI_fi_02_09	4	0	5	0	0	1	0	2	0	1	0	10	20	3	500023,500017	910004002
120072	天剑诀	剑圣	剑法+1	UI_fi_02_03	1	2	5	(21,1)	0	1	0	2	0	1	1	7	16	0	500027	100034001
120073	万剑诀	剑圣	剑法+1	UI_fi_02_03	1	2	5	(21,1)	0	0	0	2	0	0	2	6	24	2	500004	100034002
120074	七剑诛	剑圣	剑法+1	UI_fi_02_03	1	2	5	(21,1)	0	1	0	2	3	2	0	5	35	3	500014,500039	100034003
120075	霍家迷踪腿	迷踪腿	拳掌+1	UI_fi_02_33	4	0	5	(24,1)	0	1	0	2	0	1	0	7	16	0	500053,900102	100014144
120076	怀中抱月	迷踪腿	拳掌+1	UI_fi_02_33	4	0	5	(24,1)	0	1	0	2	0	2	0	7	16	2	500053,500000	100014145
120077	抽鞭打虎式	迷踪腿	拳掌+1	UI_fi_02_33	4	0	5	(24,1)	0	1	0	2	0	1	0	7	16	3	500017,500007	100014147
120078	庐山升龙霸	铁线拳	拳掌+1	UI_fi_02_11	4	0	5	(24,1)	0	1	0	2	0	1	0	9	16	3	500052,500012	100014001
120079	千里不留行	铁线拳	拳掌+1	UI_fi_02_11	4	0	5	(24,1)	0	1	0	2	0	2	0	7	16	2	500000,500015	100014002
120080	阴寒掌风	孟婆	拳掌+1	UI_fi_02_09	4	0	5	(24,1)	0	1	0	2	0	2	0	20	10	0	910018	100014007
120081	冻魂蚀骨	孟婆	拳掌+1	UI_fi_02_09	4	0	5	(24,1)	0	1	0	2	1	3	2	17	15	2	500005,910018	200009001
120100	江湖刀法	郝虎	刀法+1	UI_fi_02_01	2	0	5	(22,1)	0	1	0	2	0	1	0	9	10	0	500009	100112001
120101	江湖锤法	巴龙	钢鞭+1	UI_fi_02_27	7	0	5	(27,1)	0	1	0	2	0	1	0	7	15	0	500009	100113001
120082	华山剑术	华山	剑法+1	UI_fi_02_03	1	2	5	(21,1)	0	1	0	2	0	1	0	11	8	0	500019	100246001
120083	无边落木	华山	剑法+1	UI_fi_02_03	1	2	5	(21,1)	0	1	0	2	1	2	0	7	15	2	500115	100246001
120084	夺命三仙剑	华山派剑宗绝技，仅有夺命三招，直劈、横削、反撩，三招连环使出，猝不及防之下，极难闪避。	剑法+1	UI_fi_02_03	1	2	5	(21,1)	0	1	0	2	3	1	0	6	20	1	500014,500027	100245001
120085	天外游龙	华山	剑法+1	UI_fi_02_03	1	2	5	(21,1)	0	1	0	2	1	2	0	5	25	2	500004,500012	100245002
130001	勾魂夺魄	酆都	刀法+1	UI_fi_02_07	2	0	1	(22,1)	0	1	0	2	0	2	0	18	10	0	500052,500028	200028001
130002	九阴白骨爪	原为九阴神爪，又称摧坚神爪，爪指有强大的透劲，无坚不破。前朝有武林前辈，因不解真经奥义，将神爪修成了阴毒的武功，九阴白骨爪便是由此而生。	拳掌+2	UI_fi_02_09	4	5	3	(24,2)	0	1	0	2	1	3	0	10	13	0	500017,500006,500052	200011001
130003	无风起浪	唐家霸王枪	枪棍+1	UI_fi_02_27	8	5	1	(28,1)	0	1	0	2	0	2	0	11	8	0	500009	100014169
130004	江湖长拳	江湖	拳掌+1	UI_fi_02_11	4	0	1	(24,1)	0	1	0	2	0	1	0	16	5	0	500028	360086001
130005	噬天白幡	赛王爷九阴白骨爪	拳掌+2	UI_fi_02_09	4	5	3	(24,2)	0	1	0	2	3	2	0	10	25	3	500039,500089,910032	200013001
130006	迅雷剑法	迅雷女侠骆锦枫的独门绝技，剑招迅捷无比，可于瞬息之间连攻敌人一十六招。	剑法+1	UI_fi_02_03	1	2	3	(21,1)	0	1	0	2	1	2	0	8	15	0	500052,987035	100091003
130007	生死符	以天山六阳掌的内力，将掌中水滴化成冰符，射入敌人经脉之中，使其遭受无穷无尽的痛苦。	箭器+2	UI_fi_02_15	3	3	3	(23,2)	0	1	0	2	0	3	0	9	10	0	500052,500000	100014153
130008	冰肌玉骨	生死符	箭器+1	UI_fi_02_15	3	3	3	(23,1)	0	1	0	2	0	3	0	5	30	2	500011,500051	100014154
130009	豹踢连环	功成者，身形难以捉摸，步法飘忽不定，暗藏内劲，俟敌之不备而攻之。	拳掌+1	UI_fi_02_33	4	3	3	(24,1)	0	1	0	2	0	1	0	12	9	0	500014,500053,500001	100014145
130010	一指乾坤	乃是以内力贯于指击射敌人要穴之指功。需要有相当厚实的内力修为，以及眼功实力才能将此招发挥到最大境界。	气功+1	UI_fi_02_35	5	1	3	(25,1)	0	1	0	2	1	2	0	11	8	0	500026,500005	100014159
130011	扶摇直上	逍遥派拳法，取天山折梅手的繁复与天山六阳掌的阴阳合一简化而成。柔中带刚，缓中有急，亦虚亦实，变化万千。	拳掌+1	UI_fi_02_11	4	0	3	(24,1)	0	1	0	2	0	1	0	11	10	0	500008	100014001
130012	猛虎落地势	老虎	拳掌+1	UI_fi_02_09	4	0	3	(24,1)	0	1	0	2	0	2	0	40	10	3	500023,500009,500028	200037001
130013	虎啸山河	老虎	拳掌+1	UI_fi_02_09	4	0	3	(24,1)	0	0	0	2	0	0	1	6	18	3	500039,500000,500023	100126002
130014	少林愈气诀	相传为神农氏传下的术法，快速将内力运转三周天，可大量恢复气血。	气功+1	UI_fi_02_17	5	2	3	(25,1)	0	0	1	1	0	0	1	30	10	2	500037,500041	100096003
130015	摧心爪	恶人谷绝学	拳掌+1	UI_fi_02_09	4	3	1	(24,1)	0	1	0	2	0	1	0	8	10	0	500004	100107001
130016	绝命爪	恶人谷绝学	拳掌+1	UI_fi_02_09	4	3	1	(24,1)	0	1	0	2	0	1	0	8	15	2	500008,500004	100107002
140001	修罗灭	不传之秘	枪棍+1	UI_fi_02_27	8	3	3	(28,1)	0	1	0	2	0	3	0	9	10	0	500023	100006001
140002	修罗歼	不传之秘	枪棍+1	UI_fi_02_27	8	3	4	(28,1)	0	0	0	2	0	0	1	6	20	3	500003,500004	100006002
140003	修罗霸	不传之秘	枪棍+1	UI_fi_02_27	8	3	5	(28,1)	0	1	0	2	1	2	0	6	30	4	500012,500039	100006003
140004	珠花扬舞	不传之秘	气功+1	UI_fi_02_13	9	2	3	(25,1)	0	1	0	2	1	3	0	7	10	0	500007	100007001
140005	飞沙走石	不传之秘	气功+1	UI_fi_02_13	9	2	4	(25,1)	0	0	0	2	0	0	2	8	14	2	500132	100007002
140006	高山流水	不传之秘	气功+1	UI_fi_02_13	9	2	5	(25,1)	0	1	0	2	2	3	0	6	19	3	500001,900036	100007003
140007	胡笳十八拍	不传之秘	气功+1	UI_fi_02_13	9	2	2	(25,1)	0	1	0	2	1	3	0	12	8	0	900033	100008001
140008	春江花月夜	不传之秘	气功+1	UI_fi_02_13	9	2	3	(25,1)	0	0	1	1	0	0	3	30	15	3	500041,900034	100008002
140009	十面埋伏	不传之秘	气功+1	UI_fi_02_13	9	2	4	(25,1)	0	0	0	2	0	0	3	9	10	2	900035	100008003
140010	金鵰鹏飞	不传之秘	拳掌+1	UI_fi_02_09	4	3	3	(24,1)	0	1	0	2	0	2	0	8	12	0	500052,900102	100009001
140011	金翼展翅	不传之秘	拳掌+1	UI_fi_02_09	4	3	4	(24,1)	0	1	0	2	3	1	0	10	10	1	500052,500018	100009002
140012	一鸣惊人	不传之秘	拳掌+1	UI_fi_02_09	4	3	5	(24,1)	0	1	0	2	0	3	0	8	15	3	500028,500039	100009003
140013	毒龙探海	不传之秘	拳掌+1	UI_fi_02_09	4	1	2	(24,1)	0	1	0	2	0	1	0	17	10	0	500006	100018001
140014	断魂蚀骨	不传之秘	拳掌+1	UI_fi_02_09	4	1	3	(24,1)	0	1	0	2	0	1	0	15	15	2	500049,500008	100018002
140015	化功毒掌	不传之秘	拳掌+1	UI_fi_02_09	4	1	4	(24,1)	0	0	0	2	0	0	2	11	20	4	500005,500001	100018003
140016	青龙摆尾	不传之秘	枪棍+1	UI_fi_02_27	8	0	1	(28,1)	0	1	0	2	1	2	0	12	6	0	100129	100022001
140017	流星赶月	不传之秘	枪棍+1	UI_fi_02_27	8	0	1	(28,1)	0	1	0	2	1	2	0	10	12	2	100129	100022002
140018	惊天槌	不传之秘	钢鞭+1	UI_fi_02_27	7	0	1	(27,1)	0	1	0	2	3	1	0	8	10	0	100129	100023001
140019	动地槌	不传之秘	钢鞭+1	UI_fi_02_27	7	0	1	(27,1)	0	0	0	2	0	0	1	6	20	2	500001	100023002
140020	一指惊风	不传之秘	拳掌+1	UI_fi_02_35	4	3	1	(24,1)	0	1	0	2	0	1	0	11	8	0	500052	100024001
140021	一指骇浪	不传之秘	拳掌+1	UI_fi_02_35	4	3	1	(24,1)	0	1	0	2	0	1	0	8	14	2	500002	100024002
140022	佛山铁线拳	不传之秘	拳掌+1	UI_fi_02_11	4	3	1	(24,1)	0	1	0	2	0	1	0	10	9	0	500002	100025001
140023	佛山无影脚	流传于广东一代的独门武学，以凌空连环踢著名，一招快过一招，令敌人难以招架的腿法。[FF7700]轻功[-]越高，越能展现腿法能力。数百年后，一黄姓武师更将此腿法发扬光大，打败洋鬼子立威中华。	拳掌+1	UI_fi_02_33	4	3	1	(24,1)	0	1	0	2	0	2	0	8	14	2	500053,500014	100025002
140024	醉酒拨臂连环踢	不传之秘	拳掌+1	UI_fi_02_33	4	1	2	(24,1)	0	0	0	2	0	0	1	10	10	0	500053,500094	100026001
140025	醉酒提壶力千钧	不传之秘	拳掌+1	UI_fi_02_33	4	1	3	(24,1)	0	1	0	2	0	2	0	8	13	2	500015,900128	100026002
140026	弹腰献酒醉当步	不传之秘	拳掌+1	UI_fi_02_33	4	1	4	(24,1)	0	1	0	2	0	2	0	8	21	3	500017,500053	100026003
140027	星雨漫天	不传之秘	拳掌+1	UI_fi_02_11	4	2	2	(24,1)	0	1	0	2	0	3	1	9	8	0	900026	100027001
140028	星火燎原	不传之秘	拳掌+1	UI_fi_02_11	4	2	3	(24,1)	0	1	0	2	0	3	1	8	12	3	500013,500004	100027002
140029	披星戴月	不传之秘	拳掌+1	UI_fi_02_11	4	2	4	(24,1)	0	0	0	2	0	0	2	5	23	4	500007,500051	100027003
140030	点血截脉	传说为一名姓万的神医所独创的绝技。截断人体内流动的血脉，使其暂时无法动弹。此法需要极为高深的医术，与一般点穴手法有别。	拳掌+1	UI_fi_02_35	4	2	2	(24,1)	0	1	0	2	0	1	0	10	8	0	500000,500004	100028001
140031	千金方	不传之秘	拳掌+1	UI_fi_02_35	4	2	3	(24,1)	0	0	1	1	0	0	2	30	14	2	500043,900097	100028002
140032	搜魂	不传之秘	气功+1	UI_fi_02_13	5	2	2	(25,1)	0	0	0	2	0	0	1	10	8	0	500013,900029	100029001
140033	销魂	不传之秘	气功+1	UI_fi_02_13	5	2	3	(25,1)	0	0	0	2	0	0	1	9	12	2	500013,900030	100029002
140034	忘魂	不传之秘	气功+1	UI_fi_02_13	5	2	4	(25,1)	0	1	0	2	1	3	0	8	16	4	500002,500013,900031	100029003
140035	桃之夭夭	不传之秘	钢鞭+1	UI_fi_02_31	7	3	2	(27,1)	0	1	0	2	1	2	0	9	10	0	500027,500003	100030001
140036	春风拂面	不传之秘	钢鞭+1	UI_fi_02_31	7	3	3	(27,1)	0	1	1	1	1	2	0	30	10	0	500037,500058	100030002
140037	号令天下	不传之秘	钢鞭+1	UI_fi_02_29	7	3	2	(27,1)	0	1	0	2	1	3	0	11	8	0	500028,500009	100031001
140038	莫敢不从	不传之秘	钢鞭+1	UI_fi_02_29	7	3	3	(27,1)	0	1	0	2	0	2	0	8	16	2	500002,500008	100031002
140039	千毒万蛊	沈澜长年浸淫毒物中，毒质化入筋络内力之中，掌风过处，皆带奇毒。	拳掌+1	UI_fi_02_25	4	1	2	(24,1)	0	1	0	2	0	1	0	11	8	0	500049,500001	100033001
140040	金蛇缠身	将蛇类捕猎时所展现出的姿态融合至武功当中，一人一蛇相辅相成。	拳掌+1	UI_fi_02_25	4	1	3	(24,1)	0	1	0	2	0	2	0	9	13	4	500009,500025	100033002
140041	长虹经天	不传之秘	刀法+1	UI_fi_02_01	2	0	2	(22,1)	0	1	0	2	3	1	0	15	10	0	500003	100077001
140042	虹光乍现	不传之秘	刀法+1	UI_fi_02_01	2	0	3	(22,1)	0	1	0	2	3	1	0	15	12	2	500018,500009	100077002
140043	虹彩七变	不传之秘	刀法+1	UI_fi_02_01	2	0	4	(22,1)	0	0	0	2	0	0	1	15	15	3	500019,500039	210002009
140044	长虹经天	不传之秘	刀法+1	UI_fi_02_01	2	0	2	(22,1)	0	1	0	2	3	1	0	15	10	0	500003	100078001
140045	虹光乍现	不传之秘	刀法+1	UI_fi_02_01	2	0	3	(22,1)	0	1	0	2	3	1	0	15	12	2	500008,500018	100078002
140046	虹彩七变	不传之秘	刀法+1	UI_fi_02_01	2	0	4	(22,1)	0	1	0	2	0	2	0	15	15	3	500019,500039	210002009
140047	长虹经天	不传之秘	刀法+1	UI_fi_02_01	2	0	2	(22,1)	0	1	0	2	3	1	0	15	10	0	500003	100079001
140048	横扫千军	不传之秘	枪棍+1	UI_fi_02_27	8	0	2	(28,1)	0	1	0	2	3	2	0	9	10	0	500003	100114001
140049	全军破敌	不传之秘棍法	枪棍+1	UI_fi_02_27	8	0	3	(28,1)	0	1	0	2	2	2	0	8	14	2	500010,500194	100114002
140050	天下太平	不传之秘	枪棍+1	UI_fi_02_27	8	0	4	(28,1)	0	0	0	2	0	0	2	10	22	4	987042	100101003
140051	鬼袭	不传之秘	拳掌+1	UI_fi_02_09	4	3	3	(24,1)	0	1	0	2	1	3	0	18	10	0	500132,500004	100115001
140052	丝缠	不传之秘	拳掌+1	UI_fi_02_09	4	3	4	(24,1)	0	1	0	2	0	1	1	20	15	2	500051	100115002
140053	残殇	不传之秘	拳掌+1	UI_fi_02_09	4	3	5	(24,1)	0	0	0	2	0	0	3	12	20	4	500012,500039	100115003
140054	六扇门刀法	不传之秘	刀法+1	UI_fi_02_01	2	0	1	(22,1)	0	1	0	2	0	1	0	12	8	0	500003	100117001
140055	玄阴神爪	不传之秘	拳掌+1	UI_fi_02_09	4	0	1	(24,1)	0	1	0	2	0	1	0	12	8	0	500007,500004	100136001
140056	九阴神爪	不传之秘	拳掌+1	UI_fi_02_09	4	0	1	(24,1)	0	1	0	2	3	1	0	12	8	1	500039	100136001
140057	梵天锤	不传之秘	钢鞭+1	UI_fi_02_27	7	1	1	(27,1)	0	1	0	2	0	1	0	12	8	0	500007,500022	100140001
140058	摩诃无量	刀剑门最厉害的绝招，刀剑归真，摩诃无量。荆棘自悟阴错阳差之后，在凌云窟看着英雄小虾米留下的遗刻后，凭自身过人的悟性顿悟。原来，这才是刀与剑真正的用法。	钢鞭+1	UI_fi_02_27	7	1	2	(27,1)	0	1	0	2	3	1	0	17	15	2	500001	100140002
140059	鲛杀刀	不传之秘	枪棍+1	UI_fi_02_27	8	0	1	(28,1)	0	1	0	2	0	2	0	8	9	0	500004	100141001
140060	雾隐扬鲨	不传之秘	枪棍+1	UI_fi_02_27	8	0	2	(28,1)	0	1	0	2	2	2	0	17	13	3	500007	100141002
140061	水龙雷火弹	不传之秘	箭器+1	UI_fi_02_15	4	0	3	(23,1)	0	1	0	2	0	2	1	20	15	4	500039	100141003
140062	鲛杀刀	不传之秘	枪棍+1	UI_fi_02_27	8	0	1	(28,1)	0	1	0	2	0	2	0	10	9	0	500004	100142001
140063	雾隐扬鲨	不传之秘	枪棍+1	UI_fi_02_27	8	0	2	(28,1)	0	1	0	2	0	2	0	13	8	2	500007	100142002
140064	巨啄击	不传之秘	拳掌+1	UI_fi_02_09	4	0	1	(24,1)	0	1	0	2	0	1	0	9	10	0	500052	100143001
140065	金爪夺睛	不传之秘	拳掌+1	UI_fi_02_09	4	0	2	(24,1)	0	1	0	2	0	2	0	8	12	3	500007	100143002
140066	巨啄连击	不传之秘	拳掌+1	UI_fi_02_09	4	0	3	(24,1)	0	1	0	2	3	1	0	7	16	3	500009,500015	100143003
140067	乱石崩云	陆家先祖在一山色险峻之处所悟，刀法仿参差嶙峋的山壁直指天际， 招招迭上，直破敌人之破绽。	刀法+1	UI_fi_02_01	2	0	1	(22,1)	0	1	0	2	0	1	0	17	10	0	500051	100297001
140068	惊涛裂岸	陆家祖传刀法，刀势犹如裂岸之狂涛，凌厉果断，挟着惊心动魄之威势。	刀法+1	UI_fi_02_01	2	0	2	(22,1)	0	1	0	2	0	1	1	20	10	2	500017,500008	100297002
140069	阳奉阴违	不传之秘	刀法+1	UI_fi_02_05	2	3	2	(22,1)	0	1	0	2	1	2	0	20	10	0	500132	100988001
140070	阴惨阳舒	不传之秘	刀法+1	UI_fi_02_05	2	3	3	(22,1)	0	1	0	2	1	2	0	20	15	2	500008,500022	100988002
140071	阴阳交错	不传之秘	刀法+1	UI_fi_02_05	2	3	4	(22,1)	0	1	0	2	1	3	0	5	25	3	500015	100988002
140072	地魁通幽	不传之秘+腿法	拳掌+2	UI_fi_02_27	4	2	5	(24,2)	0	1	0	2	2	2	0	15	10	0	500053,500027	100422001
140073	地煞驱神	不传之秘	拳掌+2	UI_fi_02_27	4	2	5	(24,2)	0	0	0	2	0	0	2	7	30	2	500053,500028,500000	100422002
140074	地辟吞刀	不传之秘	拳掌+2	UI_fi_02_27	4	2	5	(24,2)	0	1	0	2	0	3	0	5	40	3	500053,500039,500086	100422003
140075	坎离水火剑	源自雪山剑术与金乌刀法，后由隐元阁主岳在渊改为双剑剑术。金乌刀法原为克制雪山剑术而创，两者相克却又相辅，临敌之际两套截然不同的功法相互应援，分进合击，使人难以找到破绽。	剑法+1、刀法+1	UI_fi_02_05	2	3	7	(21,1)*(22,1)	0	0	0	2	0	0	1	4	35	2	500051,500027	200041001
140076	摘星九影	相传为偷王之王的绝学，以迅雷不及掩耳的速度、匪夷所思的角度出招，需具备上乘轻功身法，才可施展。	箭器+1	UI_fi_02_15	3	3	3	(23,1)	0	1	0	2	0	2	1	6	20	2	500014,500004	200039001
140077	万兽刀法	兽王庄镇庄武学，仿效诸多猛兽之形，或扑击、或撕咬，招招充满野性与爆发力。	刀法+1	UI_fi_02_01	2	0	1	(22,1)	0	1	0	2	3	1	0	18	10	0	500023	200031001
140078	万兽刀法	兽王庄镇庄武学，仿效诸多猛兽之形，或扑击、或撕咬，招招充满野性与爆发力。	刀法+1	UI_fi_02_01	2	0	1	(22,1)	0	1	0	2	3	1	0	18	10	0	500023	200030001
140079	狮子吼	不传之秘	气功+1	UI_fi_03_05	5	0	1	(25,1)	0	0	0	2	0	0	2	15	20	0	500035,500036	200030002
140080	残存亦陌路	不传之秘	刀法+1	UI_fi_02_01	2	1	5	(22,1)	0	1	0	2	1	2	0	7	24	3	500015,500000	200004001
140081	辟邪剑法	百年前江湖上人人觊觎的绝世剑术。修练此剑术需先自宫断欲。共分[FF7700]江上弄笛[-]、[FF7700]飞燕穿柳[-]、[FF7700]扫荡群魔[-]三式。习练者的[FF7700]内功[-]愈高，威力愈大。	剑法+1	UI_fi_02_03	1	3	9	(21,1)	0	1	0	2	0	3	0	20	10	2	900110,500017	200002001
140082	逍遥御风	逍遥派不传之秘，逍遥派气功大成者方可修练。练成逍遥御风者，周身真气运转如意，浩浩乎几如凭虚御风。	气功+1	UI_fi_02_17	5	3	7	(25,1)	0	0	1	1	0	0	0	10	10	4	910070	100014009
140083	重剑无锋	剑招挟着狂暴的气流，施展开来，犹如龙吟震天，虎啸裂地，令闻者心惊胆颤。	剑法+1	UI_fi_02_03	1	0	1	(21,1)	0	1	0	2	0	2	0	7	15	0	100127	100095001
140084	大巧不工	铸剑山庄家传绝学，气势磅礡盖天，化剑为轮，挟着无形气劲，有裂地之能。	剑法+1	UI_fi_02_03	1	0	3	(21,1)	0	1	0	2	0	2	0	10	30	2	500025,500022	100095002
140085	地痞刀法	流传于地痞流氓之间的刀法，威力一般，但招招死缠烂打，即使是武学高手一时之间也不容易摆脱纠缠。	刀法+1	UI_fi_02_01	2	3	3	(22,1)	0	1	0	2	0	1	0	9	10	0	500007,500010	360085001
140086	虚守实发掌中穷	自太极与八卦中领悟、万物相生的道理。顺应对手流向虚守实发，以不变以应万变。调匀自身气息的同时反击对手，并以内力封断对手经脉，使其暂时不得动弹。	气功+1	UI_fi_02_17	5	3	5	(25,1)	0	0	1	1	0	0	0	15	20	3	500042,910071	100014047
140087	林冲策马鞭	水浒英雄掌中的踢腿技法，模拟林冲策马时的姿态。可以一举将身前敌人给踢昏。	气功+1	UI_fi_02_33	5	4	5	(25,1)	0	1	0	2	3	1	0	6	19	3	500001	100015002
140088	宋江怒荡寇	水浒英雄掌中的虚招，表面上仿效宋江怒气凌人的模样逼退对手，实际上暗中施巧劲，以内力气旋将对手拉近至身边痛殴。	气功+1	UI_fi_02_11	5	4	5	(25,1)	0	1	0	2	0	4	0	9	14	2	500028,500051	100015003
140089	天雪指	朝鲜四大高手之一，花玖瑟的独门指法。	气功+1	UI_fi_02_35	5	3	3	(25,1)	0	1	0	2	0	3	0	15	15	2	500002,500052	990024002
140090	流云指	朝鲜四大高手之一，花玖瑟的独门指法。	气功+1	UI_fi_02_35	5	3	3	(25,1)	0	1	0	2	0	2	0	12	10	0	500052,987088	990024001
140091	金刚锤	士兵	箭器+1	UI_fi_02_15	3	3	4	(23,1)	0	1	0	2	3	1	0	15	10	0	500001	990035001
140092	火神炮	士兵	箭器+1	UI_fi_02_15	3	3	4	(23,1)	0	1	0	2	0	6	1	30	10	2	500109	990035002
140093	杨家枪法	士兵	枪棍+1	UI_fi_02_27	8	3	4	(28,1)	0	1	0	2	1	2	0	10	10	0	500008,500094	360078001
140094	横扫千军	不传之秘	枪棍+1	UI_fi_02_27	8	3	4	(28,1)	0	0	0	2	0	2	1	4	25	1	500027	100014059
140095	猴爪	猴爪	无	UI_fi_02_09	4	3	1	(24,1)	0	1	0	2	0	1	0	12	5	0	500008	360032001
140096	猴爪	猴爪	无	UI_fi_02_09	4	3	1	(24,1)	0	1	0	2	0	1	0	10	8	0	500008	360032002
140097	猴三抓桃式	猴三抓桃式	无	UI_fi_02_09	4	3	1	(24,1)	0	1	0	2	3	1	0	11	11	2	500052,500004	360032003
140098	脏猴爪	猴爪	无	UI_fi_02_09	4	3	1	(24,1)	0	1	0	2	0	1	0	10	10	1	500006	360032002
140099	大力猴爪	猴爪	无	UI_fi_02_09	4	3	1	(24,1)	0	1	0	2	0	2	0	10	13	1	500008	360032002
140100	风魔刀	不传之秘	刀法+1	UI_fi_02_01	2	3	6	(22,1)	0	1	0	2	0	2	1	10	10	2	500010	100014058
140101	急救	帮同伴急救	箭器+1	UI_fi_02_17	3	2	1	(23,1)	0	1	1	1	0	2	0	10	5	0	900000	100097002
140102	千蛛万毒手	必须以剧毒的蜘蛛喂血炼毒，方能修成的阴毒功夫。然而修练以后因毒质入体，会导致面容浮肿，丑恶难当。卫紫绫凭借对毒术的天才而克服了此点缺憾，然威力不免比原版有所下降。	拳掌+1	UI_fi_02_09	4	3	3	(24,1)	0	1	0	2	3	1	0	6	16	3	500006,910080,500000	100014211
140103	独孤九剑	以无招胜有招的剑术。独孤九剑讲究一个「破」字，在敌人出招前先行看破他的套路，以逸待劳，后发先至，对独孤九剑领悟越高，将可破尽天下武学。独孤九剑十分讲究悟性，因此[FF7700]悟性[-]越高者，越能施展出剑术威力。	剑法+1	UI_fi_02_03	1	2	7	(21,1)	0	1	0	2	1	2	0	20	10	3	500014,500132,500012	100135003
140104	无招胜有招	此招式的要旨便是在于一个悟字，在通晓剑意之后，手中有剑，心中却无剑，见招拆招，不被任何门派招式所束缚。	剑法+1	UI_fi_02_03	1	2	7	(21,1)	0	1	0	2	0	2	1	5	24	0	500014	100135002
140105	万紫千红	花痴萃取百花精华，制出的芬芳精油，挥洒在空气中可以产生醉人花香，对疗愈有着不错的助效。并能提高队友的反击机率。	箭器+1	UI_fi_02_17	3	2	3	(23,1)	0	1	1	1	0	1	0	45	15	2	500034,500043	100035001
140106	兄弟相逢三碗酒	兄弟相逢三碗酒，兄弟论道两杯茶，兄弟投缘四海情，兄弟交心五车话，兄弟思念三更梦，兄弟怀旧半天霞，兄弟今生两家姓，兄弟来生一个妈！周遭同伴感受浓厚的兄弟之情，气血持续恢复。	气功+1	UI_fi_02_17	5	0	0	(25,1)	0	0	1	1	0	0	1	15	20	3	910084	100017003
140107	全真剑法	当年由重阳真人所创的全真派剑法，乃道家玄门正宗功夫。施剑时注重自身气息的运用，着重先天之境，可一边出招一边调息，使自己有无穷无尽的续战能力。	剑法+1	UI_fi_02_03	1	1	6	(21,1)	0	1	0	2	0	2	0	7	16	2	500026,500025	100014039
140108	霹雳雷火弹	霹雳堂独门火器，由于极为沉重，使用者需要有相当强劲的臂力方能远扔。可以轰炸一片区域上的敌人。	箭器+1	UI_fi_02_15	3	0	4	(23,1)	0	1	0	2	0	3	1	16	15	2	987048	100057004
140109	霹雳九天雷	霹雳雷火弹中有一处暗括，将之打开后，可将火药的份量加至最猛烈的程度，可将四周轰炸成一片焦土。	箭器+1	UI_fi_02_15	3	0	7	(23,1)	0	0	0	2	0	0	2	10	30	3	500039,500009	100057005
140110	空明拳	为天下至柔之拳术，由道德经中所化出，经中有言，兵强则灭，木强则折。出招之际，拳力若有似无，使对手无着力之处，难以还击。	拳掌+2	UI_fi_02_11	4	1	7	(24,2)	0	1	0	2	1	3	0	7	24	3	500016,500027	200045001
140111	金鹏式	不传之秘	拳掌+1	UI_fi_02_09	4	0	2	(24,1)	0	1	0	2	3	1	0	10	10	0	500004	100009001
140112	天魔解体	传闻为一邪教教主所创，能数倍提升身体潜能，使攻击力加成，此功夫只能收效一时，过后对身体会有极大隐患。	气功+2	UI_fi_02_25	5	0	6	(25,2)	0	0	0	1	0	0	0	5	28	3	910088	100014055
140113	日月天魔鞭	传闻为日月神教的不传之秘，出招如天魔乱舞，凌厉毒辣。	软索+1	UI_fi_02_19	6	3	6	(26,1)	0	1	0	2	3	2	0	6	25	2	500067	100058003
140114	江上弄笛	辟邪老人专用	剑法+1	UI_fi_02_03	1	2	3	(21,1)	0	1	0	2	3	1	0	18	15	0	500052,500024	100014199
140115	飞燕穿柳	辟邪老人专用	剑法+1	UI_fi_02_03	1	2	3	(21,1)	0	1	0	2	0	1	0	12	20	1	900110,500017	100014200
140116	扫荡群魔	辟邪老人专用	剑法+1	UI_fi_02_03	1	2	3	(21,1)	0	0	0	2	0	0	1	12	30	1	900110,500014	100014201
140117	醉拳	乃藉酒引力，招招虚中有实，指前打后，声东击西，使敌方难以攻防。[FF7700]酒艺[-]越高，醉拳的威力越强。共有醉酒拨臂连环踢、醉酒提壶力千钧、弹腰献酒醉当步三式。	拳掌+1	UI_fi_02_11	4	1	3	(24,1)	0	1	0	2	0	1	0	7	14	0	500015	100014012
140118	破虏令	当初为了学这招，我可不知道洒了多少眼泪。	气功+1	UI_fi_02_13	9	2	3	(25,1)	0	0	0	2	0	0	1	6	25	3	900019	100014140
140119	满天流星	橘叟老伯教我的暗器绝活。	箭器+2	UI_fi_02_15	3	3	3	(23,2)	0	0	0	2	0	0	2	5	22	2	500014,500004	200040001
140120	天龙八部功	不知出处的神秘功法，因气息在体内运行的脉络呈现龙的形状，因而得名。功成者每突破一次周天，体内经脉便会宽大一分，累积更强大的爆发力。于战斗中运行此功体，可以[FF7700]恢复气血[-]，并提升[FF7700]攻击、暴击、反击、回避[-]等多项能力。	气功+1	UI_fi_02_13	5	2	3	(25,1)	0	1	0	2	0	2	1	20	15	3	500001,500012	100001001
140121	九阴龙爪功	这招太邪恶了，我不是很喜欢用。	气功+1	UI_fi_02_09	5	2	3	(25,1)	0	0	0	2	0	0	1	7	20	1	500049,500009	100014027
140122	神龙腿法	神龙见首不见尾。	气功+1	UI_fi_02_33	5	2	3	(25,1)	0	1	0	2	0	1	1	5	26	2	500053,500039	100014149
140123	不动一剑痕	逍遥谷二弟子荆棘早年修练的独门绝技	剑法+1、刀法+1	UI_fi_02_07	2	0	3	(21,1)*(22,1)	0	1	0	2	0	2	0	12	10	2	500023	210002007
140124	狂龙逆斩	逍遥谷二弟子荆棘早年修练的独门绝技	剑法+1、刀法+1	UI_fi_02_07	2	0	3	(21,1)*(22,1)	0	1	0	2	3	1	0	8	10	2	500024	210002004
140125	疯狂咬杀	狂的绝招，暴力之极	拳掌+1	UI_fi_02_11	4	0	3	(24,1)	0	1	0	2	0	1	0	13	20	2	500023,500039	100106002
140126	超破坏拳	金窝的绝招，暴力之极	拳掌+1	UI_fi_02_11	4	0	3	(24,1)	0	1	0	2	0	1	0	12	20	0	500008,500009	100025001
140127	居合斩	信长的绝招，暴力之极	刀法+1	UI_fi_02_01	2	3	3	(22,1)	0	1	0	2	0	2	0	10	15	0	500003,500004	100145001
140128	风花雪月曲	生死无惧，荣辱不惊，心当如明镜止水，视一切波涛如过眼烟云。	气功+1	UI_fi_02_13	9	2	3	(25,1)	0	0	1	1	0	0	2	18	12	3	900018,900034	100013002
140129	拷问	飞妲的绝招，暴力之极	钢鞭+1	UI_fi_02_01	7	3	3	(27,1)	0	1	0	2	3	1	0	18	8	0	500003,500004,500006,500009	100061001
140130	木星	骆烈夫的绝招，暴力之极	箭器+2	UI_fi_02_15	3	3	3	(23,2)	0	1	0	2	0	3	1	5	18	0	500040	100059001
140131	啄击	鹫鹰的利喙。	拳掌+1	UI_fi_02_09	4	0	3	(24,1)	0	1	0	2	0	3	0	9	10	0	910166,500014	100143001
140132	利爪	鹫鹰的尖爪。	拳掌+1	UI_fi_02_09	4	0	3	(24,1)	0	1	0	2	0	3	0	8	15	1	910166,500014	100143002
140133	螺旋生死符	天山六阳掌中的绝技，以寒劲将水凝结成冰，打入敌人经脉，是一种无形暗器。谷月轩凭借过人天资，无意间融入螺旋劲气，使其更刁钻厉害。	箭器+5、气功+1	UI_fi_02_15	5	0	6	(23,5)*(25,1)	0	1	0	2	1	3	0	5	35	3	910018	210001006
140134	佛度拜火三迦叶	天山六阳掌中的绝技，以寒劲将水凝结成冰，打入敌人经脉，是一种无形暗器。谷月轩凭借过人天资，无意间融入螺旋劲气，使其更刁钻厉害。此外，谷月轩更将大乘火焰刀的炎劲融入其中，使其阴阳交融，更具威力！	箭器+5、气功+1	UI_fi_02_15	5	0	6	(23,5)*(25,1)	0	1	0	2	1	3	0	5	35	3	910018,500039	210001007
140135	螺旋生死符	天山六阳掌中的绝技，以寒劲将水凝结成冰，打入敌人经脉，是一种无形暗器。谷月轩凭借过人天资，无意间融入螺旋劲气，使其更刁钻厉害。	箭器+5、气功+1	UI_fi_02_15	5	0	3	(23,5)*(25,1)	0	1	0	2	1	3	0	30	10	1	910018	210001006
140136	佛度拜火三迦叶	天山六阳掌中的绝技，以寒劲将水凝结成冰，打入敌人经脉，是一种无形暗器。谷月轩凭借过人天资，无意间融入螺旋劲气，使其更刁钻厉害。此外，谷月轩更将大乘火焰刀的炎劲融入其中，使其阴阳交融，更具威力！	箭器+5、气功+1	UI_fi_02_15	5	0	3	(23,5)*(25,1)	0	1	0	2	1	3	0	30	10	1	910018,500039	210001007
140137	绣春刀	不传之秘	刀法+1	UI_fi_02_01	2	3	3	(22,1)	0	1	0	2	0	1	0	10	12	0	500008	100284001
140138	六合刀法	不传之秘	刀法+1	UI_fi_02_01	2	3	3	(22,1)	0	1	0	2	0	1	0	11	10	0	500008,100120	990038001
140139	十殿阎罗刀	阎罗自创的刀法绝技，一共十招，每招都对应一位地府十王，或诡谲、或霸道、或阴毒、或阳刚。最后一式转轮更号称中者必亡。	刀法+2	UI_fi_02_01	2	0	8	(22,2)	0	1	0	2	1	3	0	6	23	3	500009,500003,500023	200017002
140140	长风破浪	出拳之时不疾不徐，但拳上挟带浑厚的内力，使得拳势有如风浪般席卷而来。	拳掌+1、气功+1	UI_fi_02_11	4	0	6	(24,1)*(25,1)	0	1	0	2	1	3	0	6	24	4	100143	100098002
140141	虎噬山林	压低身姿，全身蓄力。敌人不动时静以待变，觑准时机出招之时有如猛虎出闸，择人而噬。	拳掌+1	UI_fi_02_33	4	3	5	(24,1)	0	1	0	2	3	1	0	7	16	2	500003,500007,500201	100014147
140142	双龙贯月	力灌两指，连续打击对方，其势有如双龙夭矫腾空，变化万千。	气功+1	UI_fi_02_35	5	1	7	(25,1)	0	1	0	2	0	3	0	8	16	2	500008	100014160
140143	乌衣宝典	西域邪教乌衣教奉为圣经的宝典，所有教众必须将之看的比自己的性命还要重要，并藏于随身携带的宝盒中，至死才能放下。撰写乌衣宝典之人，据说便是当年创圣火令法的山中老人，因此乌衣宝典之中，似乎也隐藏一套深奥武功。	钢鞭+2	UI_fi_02_17	7	2	5	(27,2)	0	1	0	2	0	2	0	6	20	2	500009,500052	100014015
140144	恐怖统治	不传之秘	气功+2	UI_fi_02_25	5	3	5	(25,2)	0	1	0	2	0	1	1	6	17	3	500002	100105002
140145	哭声	厉鬼武功	拳掌+2	UI_fi_02_25	5	3	5	(25,2)	0	0	0	2	0	0	1	10	15	3	500009,987008	210163001
140146	南无三满多	绝鬼武功	钢鞭+2	UI_fi_02_27	7	3	5	(27,2)	0	1	0	2	3	1	0	12	14	0	500000	210165001
140147	为虎作伥	娼鬼武功	拳掌+2	UI_fi_02_09	4	3	5	(24,2)	0	1	0	2	1	2	0	15	15	2	500016	210164001
140148	云雨之乐	婆竭罗武功	箭器+2	UI_fi_02_15	3	3	5	(23,2)	0	1	0	2	0	1	1	16	10	0	500040,500007	610166001
140149	佛也发火	摄湿生武功	拳掌+3	UI_fi_02_11	5	3	5	(24,3)	0	1	0	2	3	1	0	20	10	0	600020	610167001
140150	孤魂束缚遮	判官武功	钢鞭+3	UI_fi_02_29	7	3	5	(27,3)	0	1	0	2	1	3	0	7	20	2	500024,500002	600102001
140151	韦陀掌	无嗔，不传之密	拳掌+1	UI_fi_02_11	4	3	5	(24,1)	0	1	0	2	0	1	0	10	12	0	500027	100047001
140152	须弥山掌	无嗔，不传之密	拳掌+1	UI_fi_02_11	4	3	5	(24,1)	0	1	0	2	0	2	1	6	25	3	100068,100067	100047002
140153	金刚般若掌	无嗔，不传之密	拳掌+1	UI_fi_02_11	4	3	5	(24,1)	0	1	0	2	1	3	0	9	15	2	100018	100047003
140154	裂风鞭法	阿傍为孙女集众家鞭法之长所创， 一鞭之力足以裂风断云，鞭风过处，无人幸免。	软索+2	UI_fi_02_19	6	3	5	(26,2)	0	0	0	2	0	0	3	9	11	2	500027,500182	100056003
140155	峰回路转	天山派武功	拳掌+1、气功+1	UI_fi_02_11	4	2	5	(24,1)*(25,1)	0	1	0	2	3	1	0	17	15	0	500020	100119001
140156	两仪转太虚	天山派武功	拳掌+1、气功+1	UI_fi_02_11	4	2	5	(24,1)*(25,1)	0	0	0	2	0	0	1	15	20	3	500026,987018	100119002
140157	曙光女神的宽恕	不传之秘	剑法+1	UI_fi_02_03	1	2	4	(21,1)	0	1	0	2	0	2	0	16	8	0	500007	610174001
140158	阿西娜的惊叹	不传之秘	剑法+1	UI_fi_02_03	1	2	5	(21,1)	0	1	0	2	0	2	1	5	26	4	500010	610174002
140159	光之白刃	不传之秘	剑法+1	UI_fi_02_03	1	3	7	(21,1)	0	1	0	2	1	3	0	6	18	3	500004	100299003
140160	骑士精神	在恶人谷中，塔娅无私的奉献使得他人对她产生无比的尊敬，从而愿意自发性的保护塔娅，将我为人人、人人为我的崇高精神发挥到了极致。	无	UI_fi_02_17	4	2	5	0	0	0	1	1	0	0	2	10	35	4	910221	100014132
140161	棒打狗尾	不传之秘	枪棍+2	UI_fi_02_27	8	2	5	(28,2)	0	1	0	2	1	2	0	8	10	1	500008	100100001
140162	恶犬无牙	不传之秘	枪棍+2	UI_fi_02_27	8	2	5	(28,2)	0	1	0	2	1	2	0	6	20	2	500008,500009	100100002
140163	天下伏狗	不传之秘	枪棍+2	UI_fi_02_27	8	2	5	(28,2)	0	0	0	2	0	0	1	5	30	3	500001,600054	100100003
140164	棒打狗尾	不传之秘	枪棍+2	UI_fi_02_27	8	2	5	(28,2)	0	1	0	2	1	2	0	7	10	1	500010	100101001
140165	恶犬无牙	不传之秘	枪棍+2	UI_fi_02_27	8	2	5	(28,2)	0	1	0	2	1	2	0	5	20	2	500008	100101002
140166	天下伏狗	不传之秘	枪棍+2	UI_fi_02_27	8	2	5	(28,2)	0	0	0	2	0	0	1	4	30	3	500001	100101003
140167	叫花拳	不传之秘	拳掌+2	UI_fi_02_11	4	2	5	(24,2)	0	1	0	2	0	1	0	18	10	1	500028	100102001
140168	叫花棍	不传之秘	枪棍+2	UI_fi_02_27	8	2	5	(28,2)	0	1	0	2	0	2	0	17	10	1	500019	100103001
140169	落叶飘雨	不传之秘	剑法+1	UI_fi_02_03	1	3	5	(21,1)	0	1	0	2	0	2	0	9	12	1	500003,500014	990023001
140170	傲日狂风	不传之秘	剑法+1	UI_fi_02_03	1	3	5	(21,1)	0	1	0	2	1	3	0	7	22	2	500008	990023002
140171	破虚空	不传之秘	刀法+2	UI_fi_02_01	2	0	8	(22,2)	0	1	0	2	1	3	0	7	12	0	500052,500008	990026001
140172	斩无界	不传之秘	刀法+2	UI_fi_02_01	2	0	8	(22,2)	0	1	0	2	1	3	0	6	25	2	500052,500039	990026002
140173	天地劫	不传之秘*刀法	刀法+2	UI_fi_02_01	2	0	8	(22,2)	0	0	0	2	0	0	2	5	35	4	500007,500132,500019	990026003
140174	万魂归幽	不传之秘	气功+2	UI_fi_02_09	5	0	4	(25,2)	0	1	0	2	0	1	1	5	10	0	500052,500023	990027001
140175	阎罗裂魄	不传之秘	气功+2	UI_fi_02_09	5	0	4	(25,2)	0	1	0	2	0	1	1	6	25	2	500013,500049	990027002
140176	混沌诛天	不传之秘	气功+2	UI_fi_02_09	5	0	4	(25,2)	0	1	0	2	0	2	0	4	30	3	500013,500039	990027003
140177	万千日月	不传之秘	拳掌+2	UI_fi_02_11	4	2	5	(24,2)	0	1	0	2	3	1	0	7	10	0	500052,500027	990028001
140178	残天蚀日	不传之秘	拳掌+2	UI_fi_02_11	4	2	5	(24,2)	0	1	0	2	2	3	0	6	28	3	500001,500051	990028002
140179	残日如来	不传之秘	拳掌+2	UI_fi_02_11	4	2	5	(24,2)	0	1	0	2	2	3	0	5	35	4	500000,500027	990028003
140180	落叶飘雨	不传之秘	剑法+2	UI_fi_02_03	1	2	5	(21,2)	0	1	0	2	0	2	0	6	15	0	500003,500014	990023001
140181	傲日狂风	不传之秘	剑法+2	UI_fi_02_03	1	2	5	(21,2)	0	1	0	2	1	3	0	6	20	3	500008,500132	990023002
140182	飘渺魅影	不传之秘	剑法+2	UI_fi_02_03	1	2	5	(21,2)	0	1	0	2	0	3	0	5	35	4	500002,500028	990023003
140183	一刀起程	逍遥谷二弟子荆棘自行悟出的独门绝技，招式凌厉，只攻不守，以刀补剑，以剑补刀，同时却又刀中藏剑，剑中藏刀，攻敌不备，对手万难预料。	剑法+1、刀法+1	UI_fi_02_07	2	0	2	(21,1)*(22,1)	0	1	0	2	1	2	0	13	9	0	500014	100016001
140184	走剑行刀	逍遥谷二弟子荆棘自行悟出的独门绝技，使出时如行云流水，看似形成防御的障壁，其实刀剑中暗藏杀招，使敌人措手不及。	剑法+1、刀法+1	UI_fi_02_07	1	3	3	(21,1)*(22,1)	0	1	0	2	0	2	0	13	17	2	500004	100016002
140185	刀山剑岳	无瑕子为荆棘所创的一门武学，招式亦是由荆棘丛中所化，一刀一剑如枪矛数组般摆出守势，以静制动，对手若贸然进攻，必受尖刺般的刀剑所伤。鉴于荆棘求胜心切的个性，无瑕子希望他能够在修习这门武学的同时，定静功夫也能有所提升。	剑法+1、刀法+1	UI_fi_02_07	2	0	4	(21,1)*(22,1)	0	1	0	2	1	2	0	8	25	3	500008	100016003
140186	摩诃无量	刀剑门最厉害的绝招，刀剑归真，摩诃无量。荆棘自悟阴错阳差之后，在凌云窟看着英雄小虾米留下的遗刻后，凭自身过人的悟性顿悟。原来，这才是刀与剑真正的用法。	剑法+1、刀法+1	UI_fi_02_07	2	2	6	(21,1)*(22,1)	0	0	0	2	0	0	1	5	30	4	500039	100016004
140187	抖鳞虎扑式	双剑分循云从龙、风从虎两道剑诀，云从龙旨在剑势缥缈，如云中飞龙，不见首尾，骤然而击。风从虎旨在剑势凌厉，如风中猛虎，步步进逼，穷追不舍。	剑法+1、刀法+1	UI_fi_02_07	1	0	7	(21,1)*(22,1)	0	1	0	2	0	1	0	6	30	4	500012	100016005
140188	古月照今尘	逍遥谷二弟子荆棘观看苗家剑术与胡家刀法对决时，取苗家剑术之轻灵迅猛、胡家刀法的虚实互用，以两家杀招为基础，自行创出的刀剑绝学。	剑法+1、刀法+1	UI_fi_02_07	1	2	7	(21,1)*(22,1)	0	1	0	2	0	2	0	10	20	3	500008,500023	100016006
140189	幻影无形	不传之秘	剑法+1	UI_fi_02_03	1	1	4	(21,1)	0	1	0	2	0	3	0	25	10	3	987006,987020	100118003
140190	寒蝠神掌	极为阴毒的掌法，中掌者全身血液会逐渐凝结，最后七孔流血而死。	拳掌+1	UI_fi_02_09	4	0	5	(24,1)	0	1	0	2	1	2	0	16	10	0	500023,910018	100074001
140191	只手遮天	利用刚猛的掌力，以玄冥寒气攻击敌手，使对手身中剧毒。此招虽然威力非凡，但若碰上内功远高于自身的对手，极有可能遭到反噬，苦不堪言。	拳掌+1	UI_fi_02_09	4	0	5	(24,1)	0	1	0	2	0	3	0	17	15	2	500028,910018	100074002
140193	龙虎啸	剑招挟着狂暴的气流，施展开来，犹如龙吟震天，虎啸裂地，令闻者心惊胆颤。	剑法+1	UI_fi_02_03	1	0	4	(21,1)	0	1	0	2	0	2	0	9	11	0	500008	100093001
140194	泰山崩	铸剑山庄家传绝学，气势盖天，化剑为轮，挟着无形气劲，有裂地之能。	剑法+1	UI_fi_02_03	1	0	4	(21,1)	0	1	0	2	1	2	0	8	16	2	990133,500013	100093002
140195	镇五岳	铸剑山庄家传绝学，凌厉无匹，剑势如山，彷若能辗压一切。	剑法+1	UI_fi_02_03	1	0	7	(21,1)	0	0	0	2	0	0	3	5	20	3	500004,100127	100093003
140196	百花杀	任清璇自花痴的百花错拳中演化而来，招式变化多端，令人应接不暇。	拳掌+1	UI_fi_02_23	4	3	5	(24,1)	0	1	0	2	1	2	0	7	13	0	500017	100032002
140197	玉连环影	双环以左右正反等手法来回舞动，环影处处，成为难以攻破的一道防线，并伺机反攻。	钢鞭+1	UI_fi_02_23	7	3	5	(27,1)	0	1	0	2	0	3	1	8	15	1	910132	100014205
140198	雪月交光	将手中双环作为暗器发出，虽无法如细小的暗器一般掷出极远，威力却较暗器为强，与他人兵器相交时溅出的火光，犹如夜晚一闪而过的一丝光芒。	箭器+1	UI_fi_02_15	3	3	8	(23,1)	0	0	0	2	0	2	2	5	30	3	500004	100014038
140199	笙歌醉引	多年前有一善使乾坤双圈之人所留下的秘籍，此招全仗巧劲，用诡秘的手法将双轮旋转抛出，以难以捉摸的路径直取目标。	钢鞭+1	UI_fi_02_23	7	3	7	(27,1)	0	1	0	2	2	1	0	6	20	2	987008	100014186
870101	无间刀法	不传之秘刀法	刀法+1	UI_fi_02_01	2	0	2	(22,1)	0	1	0	2	3	1	0	13	10	0	500008	100057002
870102	无间流转	不传之秘拳掌	拳掌+1	UI_fi_02_25	5	1	5	(24,1)	0	0	1	1	0	0	0	20	30	4	500010	100014027
870103	无间行者	不传之秘刀法	刀法+1	UI_fi_02_01	2	1	4	(22,1)	0	1	0	2	0	3	0	12	15	2	987005,987020	100118003
870104	雷厉风行	不传之秘刀法	刀法+1	UI_fi_02_01	2	0	4	(22,1)	0	1	0	2	0	2	0	10	20	3	500002,987035	100057003
870105	杀意蔓延	不传之秘枪棍	枪棍+1	UI_fi_02_25	8	3	4	(28,1)	0	0	0	2	0	0	2	5	10	3	987007,987138	100014055
870106	刀山剑树	不传之秘剑法	剑法+1、刀法+1	UI_fi_03_05	2	0	4	(21,1)*(22,1)	0	1	0	2	1	3	0	15	16	3	500003,500004	100016003
870107	夜战八方	不传之秘刀法	刀法+1	UI_fi_02_01	2	3	4	(22,1)	0	0	0	2	0	0	1	14	15	4	500058,500192	100019001
870108	无间炼狱	不传之秘刀法	刀法+1	UI_fi_03_05	2	3	3	(22,1)	3	1	0	2	1	5	0	15	18	3	987014,500011	200017001
870109	阴风怒号	不传之秘剑法	剑法+1	UI_fi_02_01	5	1	8	(21,1)	0	0	0	2	0	0	2	10	25	3	500009,500017	100014041
870110	孽镜沉暮	阎罗自创的刀法绝技，一共十招，每招都对应一位地府十王，或诡谲、或霸道、或阴毒、或阳刚。最后一式转轮更号称中者必亡。	刀法+1	UI_fi_03_05	2	0	5	(22,1)	0	1	0	2	1	5	0	13	20	3	500000,500003	100014054
870111	十殿阎罗刀	阎罗自创的刀法绝技，一共十招，每招都对应一位地府十王，或诡谲、或霸道、或阴毒、或阳刚。最后一式转轮更号称中者必亡。	刀法+2	UI_fi_02_01	2	0	8	(22,2)	0	1	0	2	1	3	0	13	23	3	987008,987004	200023001
870112	阴法渡冥河	酆都众人在古墓中得到的一套刀法，据书简上的文字推测应是先秦时代。书简上的文字十不存一，但仍能从中体悟其博大精深。施展时有若阴风呼啸，令人寸步难行。练到深处，一刀劈出，哪怕相隔丈许，都可以狂霸刀气令敌人肌肤俱裂。	刀法+1	UI_fi_02_01	2	1	8	(22,1)	0	1	0	2	3	2	0	13	25	4	500000,500012	200023002
870113	幽冥青火	不传之秘刀法	剑法+1、刀法+1	UI_fi_02_07	2	0	3	(21,1)*(22,1)	0	1	0	2	3	1	0	13	13	2	500008	210002007
870114	堪舆剑	源于上古时期的河图洛书，结合了九宫星象以及阴阳五行之法，相克相生，衍生出无穷剑意。	剑法+1	UI_fi_02_03	1	2	5	(21,1)	0	1	0	2	1	2	0	14	13	2	500034	100014040
870115	无间刀法	不传之秘刀法	刀法+1	UI_fi_02_01	2	0	2	(22,1)	0	1	0	2	3	1	0	16	10	0	100055	100057002
870201	潜蛟抖麟	不传之秘拳掌	拳掌+1	UI_fi_02_33	4	3	5	(24,1)	0	1	0	2	0	1	0	13	10	0	500053,500000	100014144
870202	鲛杀	不传之秘拳掌	拳掌+1	UI_fi_02_11	4	3	5	(24,1)	0	1	0	2	0	1	0	15	12	2	500004,987004	100106002
870203	混水摸鱼	不传之秘拳掌	拳掌+1、气功+1	UI_fi_02_17	5	2	7	(24,1)*(25,1)	0	0	1	1	0	0	0	10	15	3	987091	100036003
870204	佛山无影脚	流传于广东一代的独门武学，以凌空连环踢著名，一招快过一招，令敌人难以招架的腿法。[FF7700]轻功[-]越高，越能展现腿法能力。数百年后，一黄姓武师更将此腿法发扬光大，打败洋鬼子立威中华。	拳掌+1	UI_fi_02_33	4	3	5	(24,1)	0	1	0	2	0	2	0	12	12	0	500053,500008	100014145
870205	骇浪惊涛	不传之秘拳掌	拳掌+1	UI_fi_02_11	4	3	3	(24,1)	0	1	0	2	0	3	0	15	12	3	500051,500028	100014002
870206	蛟龙入海	不传之秘拳掌	拳掌+1	UI_fi_02_33	4	3	5	(24,1)	0	1	0	2	2	1	0	14	14	2	500053,500017	100014148
870207	浪里白条	不传之秘拳掌	拳掌+1	UI_fi_02_11	4	0	2	(24,1)	0	1	0	2	1	2	0	16	12	0	500052,500132	100015001
870208	神龙天舞脚	势如神龙飞天之态，以腿生风，劲道刚烈无匹，犹如利刃。	拳掌+2	UI_fi_02_33	4	3	4	(24,2)	0	1	0	2	0	1	1	10	20	3	500053,500001	200027001
870209	金龙降世	不传之秘拳掌	拳掌+1	UI_fi_02_11	4	0	6	(24,1)	0	1	0	2	0	1	0	13	20	3	500012	100298002
870210	狂风骤雨	招似狂风暴雨般猛烈，无论对手如何闪躲，都避不开后招，	拳掌+1	UI_fi_02_33	4	3	4	(24,1)	0	1	0	2	0	2	0	17	15	3	987018,500039	100014176
870211	千迭浪	不传之秘拳掌	拳掌+1	UI_fi_02_11	4	0	5	(24,1)	0	1	0	2	0	1	0	10	30	3	500000,500001	100014006
870212	翻江倒海	不传之秘拳掌	拳掌+1、气功+1	UI_fi_02_11	5	3	3	(24,1)*(25,1)	0	1	0	2	0	1	1	12	22	3	500010,987044	200029001
870301	九龙攀云	史家家传的棍法，招式已强攻为主，棍法可刚可柔，招式奇异，且走势似直非直，自有一套轨迹身法。	枪棍+1	UI_fi_02_27	8	0	5	(28,1)	0	1	0	2	0	2	0	14	13	0	500014	100066001
870302	无风起浪	唐家霸王枪	枪棍+1	UI_fi_02_27	8	5	1	(28,1)	0	1	0	2	1	2	0	10	13	2	987016,987018	100014169
870303	横扫千军	不传之秘	枪棍+1	UI_fi_02_27	8	3	4	(28,1)	0	0	0	2	0	0	1	12	16	2	987018	100014059
870304	激励战吼	不传之秘气功	气功+1	UI_fi_03_05	5	2	4	(25,1)	0	0	1	1	0	0	2	5	14	3	987092	100126002
870305	龙城飞将	不传之秘枪棍	枪棍+1	UI_fi_02_27	8	3	5	(28,1)	0	1	0	2	1	2	0	15	10	0	500052,500014	100125002
870306	回马枪	相传为唐氏一族的绝技之一，假露败象，后趁敌不备，突然掉头袭击对方，若此招练至化境，则没有枪头也能戳死人。	枪棍+1	UI_fi_02_27	8	0	5	(28,1)	0	1	0	2	0	2	0	12	20	4	500004,500039	100014170
870307	兵贵神速	不传之秘气功	气功+1	UI_fi_03_05	5	2	4	(25,1)	0	0	1	1	0	0	99	5	10	3	500018,500054	100126002
870308	罗煞追魂枪	罗煞自创之武学，步法进退有度，上下翻动，枪头皆不离对手心脏三尺之处，使敌有步步追魂索命之感。虽只一式，然一枪快过一枪，可谓无坚不催、罕逢敌手！	枪棍+1	UI_fi_02_27	8	0	5	(28,1)	0	1	0	2	0	2	1	12	30	3	500039	200025001
870309	天王枪法	枪如龙飞之态，急进连击，讲究攻守兼施，以封、闭、拦、缠四字为要诀，气势宏大迅疾，出招时犹如电光击石。	枪棍+2	UI_fi_02_27	8	0	5	(28,2)	0	1	0	2	0	1	1	11	28	3	500000	100014171
870310	百战沙场	不传之秘枪棍	枪棍+1	UI_fi_02_27	8	2	5	(28,1)	0	1	0	2	2	3	0	11	25	3	500028,987042	100014065
870311	拔山盖世	不传之秘枪棍	枪棍+1	UI_fi_02_27	8	0	5	(28,1)	0	1	0	2	2	3	0	10	30	3	500027,500001	100014066
870312	北定中原	不传之秘枪棍	枪棍+1	UI_fi_02_27	8	3	7	(28,1)	0	1	0	2	1	4	0	14	18	3	500004,500008	100299003
870401	翩舞惊鸿	不传之秘拳掌	拳掌+1	UI_fi_02_33	4	3	1	(24,1)	0	1	0	2	1	2	0	13	10	0	500053	200000001
870402	圆转胡旋	不传之秘拳掌	拳掌+1	UI_fi_02_33	4	3	5	(24,1)	0	0	0	2	0	0	2	10	15	3	500007,500010	100054002
870403	鹊桥相会	不传之秘钢鞭	钢鞭+1	UI_fi_02_31	7	3	5	(27,1)	0	1	0	2	0	3	0	12	17	3	987006,500132	100011001
870404	嫦娥窃药	不传之秘钢鞭	钢鞭+1	UI_fi_02_31	7	3	5	(27,1)	0	1	0	2	0	2	0	11	20	3	500002	100011002
870405	媚惑幽香	不传之秘气功	气功+1	UI_fi_02_25	5	3	5	(25,1)	0	1	0	2	0	2	0	5	20	3	987029,500017	100105002
870406	丧门钉	不传之秘箭器	箭器+1	UI_fi_02_15	3	3	5	(23,1)	0	1	0	2	0	4	0	15	25	0	500052,900129	100014151
870407	公孙舞剑	不传之秘箭器	箭器+1	UI_fi_02_15	3	3	5	(23,1)	0	0	0	2	0	0	2	15	16	3	500027,500003	100054001
870408	凤羽飞翎	不传之秘箭器	箭器+1	UI_fi_02_15	3	3	5	(23,1)	0	1	0	2	0	3	1	13	18	3	500010,500051	100059002
870409	烟雾弥漫	运用烟雾造成敌人眼盲的效果，可于危险时施展，而有余裕进行反击或逃脱。	箭器+1	UI_fi_02_15	3	2	5	(23,1)	0	1	0	2	0	2	1	12	16	3	500007,500006	100055001
870410	忘魂酒	不传之秘箭器	箭器+1	UI_fi_03_05	5	3	5	(24,1)	0	0	0	2	0	0	1	10	22	4	987043	100011003
870411	奇毒天镖	原为唐门失传绝学之一，暗器手法即是特殊，并以天一奇毒附于其上，中者必死。	箭器+1	UI_fi_02_15	3	3	5	(23,1)	0	1	0	2	2	3	0	10	25	3	500049,100126	100014210
870412	飞雪连天	不传之秘拳掌	拳掌+2	UI_fi_02_15	4	3	4	(24,2)	0	1	0	2	1	3	0	10	15	2	500052,500049	200011001
870501	注死批生	不传之秘钢鞭	钢鞭+1	UI_fi_02_29	7	3	5	(27,1)	0	1	0	2	1	2	0	12	15	0	500005	990023001
870502	沉钟宣令	不传之秘气功	气功+1	UI_fi_03_05	5	3	5	(25,1)	0	0	0	2	0	0	2	7	20	3	500000,500009	100126002
870503	号令天下	不传之秘	钢鞭+1	UI_fi_03_03	5	3	2	(27,1)	0	1	1	1	0	3	0	1	10	3	987045	100031001
870504	追风缉云	不传之秘钢鞭	钢鞭+1	UI_fi_02_29	7	3	5	(27,1)	0	1	0	2	1	3	0	10	15	2	500017,500003	990023002
870505	焦热地狱	不传之秘箭器	箭器+1	UI_fi_02_15	3	3	5	(23,1)	0	1	0	2	0	2	0	12	28	4	987048	100080002
870506	醉眼下判	不传之秘拳掌	拳掌+1	UI_fi_02_11	4	1	3	(24,1)	0	1	0	2	3	1	0	11	20	3	987046,987047	100026002
870507	醉仙踏步	不传之秘拳掌	拳掌+1	UI_fi_02_33	4	1	4	(24,1)	0	1	0	2	1	2	0	12	23	3	987046,500039	100026003
870508	魂归泰山	不传之秘气功	气功+1	UI_fi_03_05	5	2	4	(25,1)	0	0	0	2	0	0	2	8	30	3	500132,500003	100007002
870509	赏善罚恶	不传之秘钢鞭	钢鞭+1	UI_fi_03_03	5	1	5	(27,1)	0	1	1	1	0	1	0	9	35	2	500037,500026	100096002
870510	阿鼻叫唤	不传之秘箭器	箭器+1	UI_fi_02_15	3	0	3	(23,1)	0	1	0	2	0	3	1	10	30	4	500027,987048	100141003
870511	正大光明	不传之秘枪棍	枪棍+1	UI_fi_03_05	5	1	5	(28,1)	0	1	0	2	0	1	1	15	15	3	987049	200038001
870512	孤魂束缚遮	判官武功	钢鞭+3	UI_fi_02_29	7	3	5	(27,3)	0	1	0	2	1	3	0	10	25	3	500024,500002	600102001
870601	断罪	不传之秘刀法	刀法+1	UI_fi_02_01	2	0	6	(22,1)	0	1	0	2	3	1	0	20	7	0	500010	100077003
870602	阴魂不散	不传之秘刀法	刀法+1	UI_fi_02_01	2	1	5	(22,1)	0	1	0	2	0	2	0	15	13	2	500018	100069002
870603	生死判	为一近身搏击之术，招式应变奇速，只要与敌人接触，立刻以擒拿抓打之法，不留一丝喘息的空间。	钢鞭+1	UI_fi_02_29	7	0	5	(27,1)	0	1	0	2	0	3	0	15	15	0	500028	100109001
870604	生死无常	为一近身搏击之术，招式应变奇速，只要与敌人接触，立刻以擒拿抓打之法，不留一丝喘息的空间。	拳掌+1	UI_fi_02_29	7	0	5	(27,1)	0	0	0	2	0	0	1	10	18	2	500009	100109002
870605	绝命爪	恶人谷绝学	拳掌+1	UI_fi_02_09	4	3	1	(24,1)	0	1	0	2	0	2	0	12	20	3	500000,987018	100107002
870606	鞭魍笞魉	不传之秘软索	软索+1	UI_fi_02_19	6	3	5	(26,1)	0	1	0	2	0	1	1	13	15	0	500004,500008	100056003
870607	死亡宣告	不传之秘	无	UI_fi_02_25	5	2	5	0	0	1	4	2	0	2	0	10	10	5	987056,987190	100055003
870608	三魂七魄	不传之秘拳掌	拳掌+1	UI_fi_02_09	4	0	0	0	0	1	0	2	3	1	0	11	20	3	500008,500000	100014016
870609	万魂归幽	不传之秘	气功+2	UI_fi_02_09	4	0	4	(25,2)	0	1	0	2	3	1	0	10	25	3	500052,500006	990027001
870610	失魂落魄	不传之秘拳掌	拳掌+1	UI_fi_02_25	5	0	5	(24,1)	0	1	0	2	0	2	0	10	30	3	500049,987018	200005001
870611	地无常	不传之秘拳掌	拳掌+1	UI_fi_02_25	5	1	5	(24,1)	0	0	0	1	0	0	0	0	10	2	987055	100014027
870612	移魂夺魄	不传之秘气功	气功+1	UI_fi_02_25	5	0	5	(25,1)	0	0	0	2	0	0	3	10	15	3	500051,500010,500011	100014140
870701	抽筋断骨	不传之秘刀法	刀法+1	UI_fi_02_01	2	2	3	(22,1)	0	1	0	2	3	1	0	14	10	0	500010	100297001
870702	决业	不传之秘刀法	刀法+1	UI_fi_02_01	2	0	4	(22,1)	0	1	0	2	1	3	0	10	17	2	500008	100297003
870703	无常索命	不传之秘钢鞭	钢鞭+1	UI_fi_02_19	7	3	5	(27,1)	0	1	0	2	0	3	0	15	15	0	500028	100110001
870704	哭嚎钩	凭恃着深厚的内家功夫，招招只往人体各大要害攻击，中者如遭雷击，顷刻间丧命，犹如阎王催命。	钢鞭+1	UI_fi_02_29	7	3	5	(27,1)	0	0	0	2	0	0	1	10	17	2	500004	100110002
870705	天鬼镇狱	不传之秘剑法	剑法+1	UI_fi_02_29	1	2	5	(21,1)	0	1	0	2	0	2	1	12	15	3	500007,500003	200016003
870706	幽都百烈	不传之秘刀法	刀法+1	UI_fi_02_33	2	0	6	(22,1)	0	1	0	2	2	2	0	16	10	0	500051,500000	100129002
870707	五鬼闹判	不传之秘钢鞭	钢鞭+1	UI_fi_02_29	7	3	6	(27,1)	0	1	0	2	3	1	0	15	16	2	500009,500024	100037002
870708	千刀万剐	不传之秘剑法	剑法+1	UI_fi_02_01	2	2	6	(21,1)	0	0	0	2	0	0	1	12	20	3	500010,500039	100092004
870709	赤炼刀狱	不传之秘刀法	刀法+1	UI_fi_02_01	2	3	4	(22,1)	0	0	0	2	0	0	1	16	13	3	500036,500023	100019001
870710	追魂镖	不传之秘箭器	箭器+2	UI_fi_02_15	3	3	5	(23,2)	0	1	0	2	0	3	0	11	25	0	500051,500033	200040001
870711	丧鬼泣	不传之秘	无	UI_fi_02_25	5	2	5	0	0	0	0	2	0	0	2	10	10	4	987008	100055002
870712	天无常	不传之秘气功	气功+2	UI_fi_02_25	5	0	6	(25,2)	0	0	0	1	0	0	0	20	10	4	987054	100014055
870801	攫草叉	不传之秘枪棍	枪棍+1	UI_fi_02_27	8	2	3	(28,1)	0	1	0	2	3	1	0	15	10	0	500052,500025	100299001
870802	三苗叉	不传之秘枪棍	枪棍+1	UI_fi_02_27	8	0	4	(28,1)	0	1	0	2	1	2	0	15	12	2	500026,500058	100299002
870803	神农济世	相传为神农氏传下的术法，快速将内力运转三周天，可大量恢复气血。	箭器+1	UI_fi_02_17	5	2	5	0	0	0	1	1	0	0	2	10	25	4	500037,500041	100096003
870804	滇南鬼毒	不传之秘气功	气功+1	UI_fi_02_25	5	1	5	(25,1)	0	1	0	2	2	2	0	10	17	3	500006	100104002
870805	楚云湘雨	不传之秘剑法	剑法+1	UI_fi_02_27	1	2	4	(21,1)	0	1	0	2	1	3	0	14	15	2	500052,910018	100014038
870806	刀耕火耨	不传之秘气功	气功+2	UI_fi_02_27	8	1	9	(25,2)	0	1	0	2	3	1	0	12	20	4	987048,500027	200046001
870807	屠牛药叉	仅有三招，相传为当年桃花岛主所传下，并无繁复变化，威力只凭日日积累的功底。	枪棍+1	UI_fi_02_27	8	0	5	(28,1)	0	1	0	2	0	1	1	14	20	0	500028,500024	200026001
870808	裂魄瘴	不传之秘气功	气功+3	UI_fi_02_25	5	1	5	(25,3)	0	1	0	2	0	1	1	11	25	3	500005,500001	100311003
870809	祖灵护佑	不传之秘气功	气功+3	UI_fi_02_25	5	1	5	(25,3)	0	0	1	1	0	0	3	10	25	3	500036,500038	100028002
870810	落魂蛊	不传之秘气功	气功+2	UI_fi_02_09	4	0	4	(25,2)	0	1	0	2	0	1	1	13	20	2	500049	990027002
870811	蚩尤毒掌	掌中带有剧毒，出招时似缓时快，掌势雄浑，夹杂着腥臭之气。	拳掌+1	UI_fi_02_09	4	1	5	(24,1)	0	1	0	2	3	1	0	12	23	2	500049,500035	200026002
870812	烈火金蟾	不传之秘箭器	箭器+5、气功+1	UI_fi_03_05	5	0	6	(23,5)*(25,1)	0	1	0	2	1	4	0	13	22	3	910018,987048	210001007
870901	狂风剑术	天剑门绝技，以内力引导剑身，持剑挥舞之际隐含凌厉风声，出招时更是一剑快似一剑，有狂风怒号之威。	剑法+1	UI_fi_02_03	1	3	5	(21,1)	0	1	0	2	3	1	0	13	10	1	500004	100012003
870902	八艘飞	传说东瀛武圣「源义经」曾连跃八艘船，因而得名。形容剑势之刚猛，可连劈八船。可怕！	剑法+1、刀法+1	UI_fi_02_01	2	0	5	(21,1)*(22,1)	0	1	0	2	1	2	0	9	15	1	500035	100145002
870903	牙突	据说是东瀛剑术高手斋藤式所创。原本只是普通的平突刺，但配合特殊步法「梭地」后可发挥最大的威力。	剑法+1、刀法+1	UI_fi_02_01	2	0	5	(21,1)*(22,1)	0	1	0	2	0	2	0	12	15	2	500132,500004	100116001
871001	鲛杀刀	不传之秘	枪棍+1	UI_fi_02_27	8	0	1	(28,1)	0	1	0	2	0	2	0	5	9	0	500132	100142001
871002	赤霞漫天	不传之秘钢鞭	钢鞭+1	UI_fi_02_27	7	2	3	(27,1)	0	1	0	2	3	1	0	12	13	2	500004	100297001
871003	怒滔拳	不传之秘拳掌	拳掌+1、气功+1	UI_fi_02_11	4	0	4	(24,1)*(25,1)	0	1	0	2	0	1	0	13	15	2	500010	100075002
871004	东海鸿鹄	不传之秘钢鞭	钢鞭+1	UI_fi_02_27	7	2	5	(27,1)	0	1	0	2	3	1	0	13	12	2	500026	100120002
871005	草薙剑	草薙剑乃扶桑国三神器之一，传为大蛇之尾所化。此剑法以此为名，乃是源于对虚佐之男的崇拜。	剑法+1	UI_fi_02_03	1	3	5	(21,1)	0	1	0	2	0	1	0	13	8	0	500052,990223	100091003
871006	波风苦无	不传之秘箭器	箭器+1	UI_fi_02_15	3	3	5	(23,1)	0	1	0	2	0	4	0	8	18	1	900129	100014151
871007	狂风摆柳	不传之秘刀法	刀法+1	UI_fi_02_27	2	0	5	(22,1)	0	1	0	2	0	1	0	13	10	0	987014	100112001
871008	毒龙出洞	不传之秘枪棍	枪棍+2	UI_fi_02_27	8	3	4	(28,1)	0	1	0	2	1	2	0	10	16	1	500004	100100002
871009	跨虎开山	不传之秘枪棍	枪棍+1	UI_fi_02_27	8	3	4	(28,1)	0	1	0	2	3	1	0	12	20	3	500003	100016001
871010	烟雾弥漫	运用烟雾造成敌人眼盲的效果，可于危险时施展，而有余裕进行反击或逃脱。	箭器+1	UI_fi_02_15	3	2	5	(23,1)	0	1	0	2	0	3	1	5	10	3	500007	100055001
871011	六合刀法	不传之秘	刀法+1	UI_fi_02_01	2	3	3	(22,1)	0	1	0	2	0	1	0	12	10	0	500011	990038001
871012	虹彩七变	不传之秘	刀法+1	UI_fi_02_01	2	0	4	(22,1)	0	1	0	2	0	1	0	15	10	2	500039	100078003
871013	六扇门刀法	不传之秘	刀法+1	UI_fi_02_01	2	0	1	(22,1)	0	1	0	2	0	1	0	12	12	0	500011,987090	100117001
871014	绣春刀	不传之秘	刀法+1	UI_fi_02_01	2	3	3	(22,1)	0	1	0	2	3	1	0	18	10	0	500003,100123	100284001
871015	冥鲲斩	逍遥谷绝学。鲲原义是小小的鱼卵，而在逍遥游中成为了大鱼的代称。正如逍遥派的思想，不执着于表象，小也能化为极大。	刀法+1	UI_fi_02_01	2	0	5	(22,1)	0	1	0	2	0	1	0	20	14	2	500011	100014051
871016	天涯明月刀	魔教不传之秘，经历代教主修改简化，仅于一式，此招看似平凡无奇，实则经过层层推算，能将一刀直劈的威力发挥到极致。	刀法+1	UI_fi_02_01	2	0	6	(22,1)	0	1	0	2	3	1	0	18	10	0	500003,100122	100077003
871017	狂风刀法	与狂风剑术系出同源，以手中狂刀飞速连斩，带起风雷之势，刀势劲道十足，难有人能与之抗衡。	刀法+1	UI_fi_02_01	2	3	3	(22,1)	0	1	0	2	3	1	0	14	13	2	500004,987035	100014057
871018	催魂蚀心	掌法连环击出，压制对手，使其无喘息之力，掌风带有毒气，令人难以逃脱。	拳掌+1	UI_fi_02_25	4	1	5	(24,1)	0	1	0	2	0	3	0	15	14	0	987006,500006	100311002
871019	摘星九影	相传为偷王之王的绝学，以迅雷不及掩耳的速度、匪夷所思的角度出招，需具备上乘轻功身法，才可施展。	箭器+2	UI_fi_02_15	3	3	5	(23,2)	0	1	0	2	0	3	1	14	12	2	500003	200040001
871020	绕指柔剑	武当祖师自创的一路剑术，共有七招，以雄浑的内力注入剑中，使剑可如绸带般曲折，配以变幻莫测的剑招，使人难以判断剑势会由何处而来。	剑法+1	UI_fi_02_03	1	1	4	(21,1)	0	1	0	2	1	2	0	12	13	3	500016	100037001
871021	龙游浅水	游龙剑术第二式，刻意出卖破绽给敌人，趁敌人以为有机可趁而狂喜之际，忽然一跃而出，一击将敌人击杀的狠辣剑术。对搏击类武功特别有牵制效果。	剑法+1	UI_fi_02_03	1	0	5	(21,1)	0	1	0	2	3	1	0	20	10	0	500011	100012003
871022	飞龙在天	从天而降的剑术，其威力堪比天外飞仙。	剑法+1	UI_fi_02_03	1	3	5	(21,1)	0	1	0	2	0	2	1	20	15	3	500004,500014	100012002
871023	游龙剑术	游进自创之剑招，使用腰间软剑施展，以内力将软剑的特性发挥到极致，剑若游龙，招式绵密细腻，变化无穷，以不可思议的角度刺向对方，无孔不入。	剑法+1	UI_fi_02_03	1	3	5	(21,1)	0	1	0	2	1	3	0	20	20	3	500012,500000	210055001
871024	突刺	不传之秘枪棍	枪棍+1	UI_fi_02_27	8	3	4	(28,1)	0	1	0	2	1	2	0	10	11	2	500004	360078001
871025	横扫千军	不传之秘	枪棍+1	UI_fi_02_27	8	3	4	(28,1)	0	0	0	2	0	2	1	10	15	3	987014	100014059
871026	推天献印	为一巧妙的近身功夫，运用手法上的牵引推送，并配合身体的转动，不仅能在危急之时化解对方的招式的冲击力，更能迭加劲力回转给对方。	刀法+1	UI_fi_02_01	2	0	4	(22,1)	0	1	0	2	3	1	0	10	15	0	500039	100088001
871027	催魂蚀心	掌法连环击出，压制对手，使其无喘息之力，掌风带有毒气，令人难以逃脱。	拳掌+1	UI_fi_02_25	4	1	5	(24,1)	0	1	0	2	1	2	0	11	15	0	500052	100311002
871028	摘星九影	相传为偷王之王的绝学，以迅雷不及掩耳的速度、匪夷所思的角度出招，需具备上乘轻功身法，才可施展。	箭器+2	UI_fi_02_15	3	3	5	(23,2)	0	1	0	2	0	3	0	10	14	2	500006	200040001
871029	啃咬	不传之秘	0	UI_fi_02_09	0	0	0	0	0	1	0	2	0	1	0	15	10	0	500018	100969001
871030	挥击	不传之秘	0	UI_fi_02_09	0	0	0	0	0	1	0	2	3	1	0	20	10	2	500004	100969002
871031	猛击	不传之秘	0	UI_fi_02_09	0	0	0	0	0	1	0	2	3	1	0	25	10	3	500039	100969003
871032	咬咬	不传之秘	0	UI_fi_02_09	0	0	0	0	0	1	0	2	0	1	0	15	10	0	500018	910003001
871033	猛扑	不传之秘	0	UI_fi_02_09	0	0	0	0	0	1	0	2	0	2	0	15	10	0	987005,500001	910004001
871034	撕裂	熊	0	UI_fi_02_09	0	0	0	0	0	1	0	2	0	1	0	20	10	2	500023,500009	910004002
871035	突咬	不传之秘	0	UI_fi_02_09	0	0	0	0	0	1	0	2	1	2	0	15	10	0	987005,500001	910004001
871036	大快朵颐	不传之秘	0	UI_fi_02_09	0	0	0	0	0	1	0	2	3	1	0	20	10	2	500023,500009	910004002
871037	变硬	不传之秘	0	UI_fi_02_09	0	0	0	0	0	0	1	1	0	0	0	20	10	3	500020	910004001
871038	撕咬	不传之秘	0	UI_fi_02_09	0	0	0	0	0	1	0	2	0	2	0	15	10	0	987006,500052	910005001
871039	啃噬	不传之秘	0	UI_fi_02_09	0	0	0	0	0	1	0	2	0	3	0	20	10	2	987005,500023,500017	910005001
871040	撕咬	不传之秘	0	UI_fi_02_09	0	0	0	0	0	1	0	2	0	2	0	15	10	0	987006,500052	910006001
871041	撕咬	不传之秘	0	UI_fi_02_09	0	0	0	0	0	1	0	2	0	2	0	15	10	0	987006,500052	910007001
871042	啃噬	不传之秘	0	UI_fi_02_09	0	0	0	0	0	1	0	2	0	3	0	20	10	2	987005,500023,500017	910007001
871043	撕咬	不传之秘	0	UI_fi_02_09	0	0	0	0	0	1	0	2	0	2	0	15	10	0	987006,500052	910008001
871044	撕咬	不传之秘	0	UI_fi_02_09	0	0	0	0	0	1	0	2	0	2	0	15	10	0	987006,500052	910009001
871045	啃噬	不传之秘	0	UI_fi_02_09	0	0	0	0	0	1	0	2	0	3	0	20	10	2	987005,500023,500017	910009001
871046	撕咬	不传之秘	0	UI_fi_02_09	0	0	0	0	0	1	0	2	0	2	0	15	10	0	987006,500052	910010001
871047	鸡跃九天	不传之秘	0	UI_fi_02_09	0	0	0	0	0	1	0	2	0	1	0	15	10	0	500052	910011001
871048	歪嘴鸡吃好米	不传之秘	0	UI_fi_02_09	0	0	0	0	0	1	0	2	0	1	0	15	10	0	500004	910012001
871049	凤爪七连杀	不传之秘	0	UI_fi_02_09	0	0	0	0	0	1	0	2	0	1	0	20	10	1	500008	910012002
871050	庐山升鸡霸	不传之秘	0	UI_fi_02_09	0	0	0	0	0	0	0	2	0	0	1	25	10	2	987018	910012003
871051	巨啄击	不传之秘	0	UI_fi_02_09	0	0	0	0	0	1	0	2	0	5	0	20	10	0	987006,500052	100143001
871052	长虹经天	不传之秘	0	UI_fi_02_01	2	0	0	0	0	1	0	2	0	1	0	17	10	0	500011	100079001
871053	惊鸿一瞥	不传之秘	0	UI_fi_02_01	2	0	0	0	0	1	0	2	0	1	0	20	10	0	500011	100296001
871054	五虎断门刀	相传为五虎门中的武学，以砍、切、挡、扫、截五式为基础，刀法刚猛，只攻不守，以攻势为守势，威力强大。	刀法+1	UI_fi_02_01	2	0	0	0	0	1	0	2	0	2	0	18	10	0	500011	100111001
871055	燃木刀法	少林七十二绝技之一，招式平平无奇，全以内力流转见长，练成后挥刀所带出的劲风，足以将木头燃起。	刀法+1	UI_fi_02_01	2	0	0	0	0	1	0	2	1	2	0	15	10	2	500004	100051002
871056	乱环式	此招仿太极剑术之形，以剑画出大大小小正反斜直的圆圈。可却是招招于敌同归于尽的杀着，每一剑刺出都不留余地。	刀法+1	UI_fi_02_01	2	0	0	0	0	0	0	2	0	0	1	15	15	3	500007,500000	100089003
871057	残存亦陌路	不传之秘	刀法+1	UI_fi_02_01	2	0	0	0	0	1	0	2	1	2	0	18	10	4	500015,500200	200004001
871058	雷霆陨落	不传之秘	0	UI_fi_02_01	2	0	0	0	0	1	0	2	0	1	0	15	10	0	500027	990030001
871059	霹雳疾斩	不传之秘	0	UI_fi_02_01	2	0	0	0	0	1	0	2	0	2	0	16	15	2	500004,500035	990030002
871060	三千雷动	霹雳堂连环快刀，逼得对手不得不举剑格挡，相击之际有电闪雷鸣之声，故得此名。	0	UI_fi_02_01	2	0	0	(22,1)	0	1	0	2	0	3	0	22	15	3	500001,500039	990030003
871061	鬼袭	不传之秘	拳掌+1	UI_fi_02_11	4	3	3	(24,1)	0	1	0	2	1	3	0	18	10	0	500132,500004	100115001
871062	丝缠	不传之秘	拳掌+1	UI_fi_02_09	4	3	4	(24,1)	0	1	0	2	0	1	1	20	15	2	500051	100115002
871063	残殇	不传之秘	拳掌+1	UI_fi_02_09	4	3	5	(24,1)	0	0	0	2	0	0	3	12	20	4	500012,500039	100115003
871064	飞龙在天	从天而降的剑术，其威力堪比天外飞仙。	拳掌+1	UI_fi_02_11	4	0	3	(24,1)	0	1	0	2	0	3	0	17	10	0	500028,500052	100098001
871065	亢龙有悔	被誉为天下第一刚猛的掌法，威力完全端看修练者的[FF7700]硬功[-]决定。亢龙有悔为其中一招，此招刚柔并济，练到能放可收，才算大成。	拳掌+1、气功+1	UI_fi_02_11	4	0	6	(24,1)*(25,1)	0	1	0	2	1	3	0	15	15	2	500001,500027	100098002
871066	龙战于野	被誉为天下第一刚猛的掌法，威力完全端看修练者的[FF7700]硬功[-]决定。取自易经龙战于野，其血玄黄之意，招式大开大阖，掌风刚猛，使敌人无法近身。	拳掌+1、气功+1	UI_fi_02_11	4	0	8	(24,1)*(25,1)	0	1	0	2	1	3	0	18	15	3	500000,500015	100098003
871067	棒打狗尾	不传之秘	枪棍+2	UI_fi_02_27	8	2	5	(28,2)	0	1	0	2	1	2	0	15	10	0	500011	100100001
871068	恶犬无牙	不传之秘	枪棍+2	UI_fi_02_27	8	2	5	(28,2)	0	1	0	2	1	2	0	12	20	2	500008,500009	100100002
871069	天下伏狗	不传之秘	枪棍+2	UI_fi_02_27	8	2	5	(28,2)	0	0	0	2	0	0	1	10	30	3	500001,600054	100100003
871070	棒打狗尾	不传之秘	枪棍+2	UI_fi_02_27	8	2	5	(28,2)	0	1	0	2	1	2	0	15	10	1	500011	100101001
871071	恶犬无牙	不传之秘	枪棍+2	UI_fi_02_27	8	2	5	(28,2)	0	1	0	2	1	2	0	16	15	2	500008,500009	100101002
871072	天下伏狗	不传之秘	枪棍+2	UI_fi_02_27	8	2	5	(28,2)	0	0	0	2	0	0	1	20	10	3	500001	100101003
871073	叫花拳	不传之秘	拳掌+2	UI_fi_02_11	4	2	5	(24,2)	0	1	0	2	0	1	0	20	10	1	500010,500017	100102001
871074	叫花棍	不传之秘	枪棍+2	UI_fi_02_27	8	2	5	(28,2)	0	1	0	2	0	2	0	17	10	1	500011,500017	100103001
871075	霹雳雷火弹	霹雳堂独门火器，由于极为沉重，使用者需要有相当强劲的臂力方能远扔。可以轰炸一片区域上的敌人。	箭器+1	UI_fi_02_15	3	0	4	(23,1)	0	1	0	2	0	3	1	0	0	2	987048,987031	100057004
871076	霹雳九天雷	霹雳雷火弹中有一处暗括，将之打开后，可将火药的份量加至最猛烈的程度，可将四周轰炸成一片焦土。	箭器+1	UI_fi_02_15	3	0	7	(23,1)	0	0	0	2	0	0	1	15	20	3	500039,500009	100057005
871077	天鬼爪	天龙教众入门武学。	拳掌+1	UI_fi_02_09	4	3	5	(24,1)	0	1	0	2	0	1	0	18	10	0	500004	100130001
871078	玄龙印	天龙教众进阶武学。	拳掌+1	UI_fi_02_09	5	1	5	(24,1)	0	1	0	2	3	1	0	15	10	3	500010	100136001
871079	厄鬼冲	天龙教众特殊武学。	拳掌+1	UI_fi_02_09	5	0	5	(24,1)	0	1	0	2	0	1	0	25	10	0	500052	100025001
871080	鬼影脚	不传之秘拳掌	拳掌+1	UI_fi_02_33	4	3	5	(24,1)	0	1	0	2	0	3	0	18	10	2	500053	100014145
871081	首尾相救	不传之秘拳掌	拳掌+1	UI_fi_02_11	4	3	3	(24,1)	0	1	1	1	0	2	0	15	10	3	987143,987144	100036003
871082	龙宫弟子	不传之秘拳掌	拳掌+1	UI_fi_02_11	4	3	3	(24,1)	0	1	1	1	0	2	0	15	10	3	987143,987144	100036003
871083	风卷残云	不传之秘枪棍	枪棍+1	UI_fi_02_27	8	1	5	(28,1)	0	0	0	2	0	0	2	14	20	3	500028,500001	100014059
871084	狂化	不传之秘气功	气功+2	UI_fi_02_25	5	0	6	(25,2)	0	0	0	1	0	0	0	30	10	1	987160	100014055
871085	缠丝八爪	五毒宝典上记载的绝学之一，使用者将体内毒素凝聚于指甲之上，在一来一往的近身搏击中利用绵密的攻势使对手难以脱身，并逐渐失去气力而终为毒所噬。共分[FF7700]抽丝剥茧[-]、[FF7700]千丝万缕[-]、[FF7700]命若悬丝[-]三式，习练者的[FF7700]毒功[-]修为愈高，威力愈大。	拳掌+1	UI_fi_02_09	4	3	4	(24,1)	0	1	0	2	0	1	1	15	20	3	500010,500049	100014213
871086	固守战吼	不传之秘气功	气功+1	UI_fi_03_05	5	2	4	(25,1)	0	0	1	1	0	0	2	5	20	4	900094	100126002
871087	杀意蔓延	不传之秘枪棍	枪棍+1	UI_fi_02_25	5	3	4	(28,1)	0	0	0	2	0	0	2	5	10	3	987007,987138	100014055
871088	逆鳞爪	不传之秘拳掌	拳掌+1	UI_fi_02_11	4	3	5	(24,1)	0	1	0	2	0	2	0	15	12	0	500008,987006	100106002
871090	飞月流光	不传之秘刀法	刀法+1	UI_fi_02_01	2	0	3	(22,1)	0	1	0	2	0	1	0	20	10	0	500004	100084001
871091	绝刀合真	不传之秘刀法	刀法+1	UI_fi_02_01	2	0	5	(22,1)	0	1	0	2	1	4	0	15	15	2	500003,500094	100084002
871092	总诀刀	不传之秘刀法	刀法+1	UI_fi_02_01	2	0	6	(22,1)	0	0	0	2	0	0	1	16	15	3	500012,500009	100084003
871093	鸿飞冥冥	不传之秘剑法	剑法+1	UI_fi_02_03	1	2	3	(21,1)	0	1	0	2	0	2	0	18	10	0	500025	100124001
871094	灭天斩	不传之秘刀法	刀法+1	UI_fi_02_01	2	0	5	(22,1)	0	1	0	2	1	4	0	18	15	4	500008,500022	100085002
871095	针千本	不传之秘箭器	箭器+1	UI_fi_02_03	3	2	4	(23,1)	0	1	0	2	1	4	0	26	5	0	987006,910018	100014038
871096	三千世界	不传之秘拳法	拳掌+1	UI_fi_02_03	4	1	5	(21,1)	0	1	0	2	1	2	0	15	10	2	987006,500002	100014030
871097	天魔波旬	不传之秘箭器	箭器+1	UI_fi_02_09	3	3	5	(23,1)	0	0	0	2	0	0	3	12	20	4	500012,500039	100115003
871098	四劫轮回	不传之秘剑法	剑法+1	UI_fi_02_23	5	1	5	(21,1)	0	0	1	1	0	0	0	30	10	4	500124	100014031
871099	天羽奇剑	天山派绝技，出剑时仿若羽毛如雨飘落，形成剑雨，看似轻柔无害，却在不经意之时，便在敌人身上留下寸寸伤痕。	剑法+1	UI_fi_02_27	1	2	5	(21,1)	0	1	0	2	3	1	0	13	12	2	500052,500007	100120002
871100	搔首弄姿送秋波	不传之秘气功	气功+1	UI_fi_02_25	5	3	5	(25,1)	0	0	0	0	0	0	2	10	30	3	987186,987187	100105002
871101	龙蟠虎踞	不传之秘剑法	剑法+1	UI_fi_02_03	1	2	3	(21,1)	0	1	0	2	3	1	0	17	10	0	500026,100122	100122001
871102	云海翻腾	不传之秘剑法	剑法+1	UI_fi_02_03	1	0	4	(21,1)	0	0	0	2	0	0	1	18	15	0	500004,500008	100122002
871103	龙蟠虎踞	不传之秘剑法	剑法+1	UI_fi_02_03	1	3	7	(21,1)	0	1	0	2	3	1	0	17	10	0	500025,500017	100123001
871104	云海翻腾	不传之秘剑法	剑法+1	UI_fi_02_03	1	3	7	(21,1)	0	0	0	2	0	0	1	18	15	0	500007,500051	100123002
871105	吼！	不传之秘气功	气功+1	UI_fi_03_05	5	2	4	(25,1)	0	0	0	2	0	0	2	10	15	0	500004,987008	100126002
871106	月下偷桃	不传之秘气功	气功+1	UI_fi_03_05	5	2	4	(25,1)	0	0	0	2	0	1	0	18	15	3	500001,500039,500057	100014189
871107	铺天盖地	不传之秘钢鞭	钢鞭+1	UI_fi_02_29	7	3	5	(27,1)	0	1	0	2	1	3	0	20	12	3	987006,500052	100143001
871487	龟缚	不传之秘箭器	箭器+1	UI_fi_02_17	0	0	0	0	0	1	0	2	0	1	0	0	0	0	987087	100056001
900001	神龙出世	不传之秘	气功+2	UI_fi_02_25	5	0	6	(25,2)	0	0	1	1	0	0	0	20	28	6	990001	100014055
900002	醉酒拨臂连环踢	不传之秘	拳掌+1	UI_fi_02_33	4	1	2	(24,1)	0	0	0	2	0	0	1	10	10	0	500053,987046	100026001
