#ID	Name	icon 	Auto	RequestCondition	Passive	Tip	price
87000001	侠客		1	(1,0,0,0)	(9,100033,0)	0	0
87000002	侠客		1	(1,0,0,0)	(9,100060,0)	0	0
87000003	侠客		1	(1,0,0,0)	(9,100078,0)	0	0
87000004	侠客		1	(1,0,0,0)	(9,100082,0)	0	0
87000005	侠客		1	(1,0,0,0)	(9,100091,0)	0	0
87000006	侠客		1	(1,0,0,0)	(9,100134,0)	0	0
87000007	侠客		1	(1,0,0,0)	(9,100135,0)	0	0
87000008	侠客		1	(1,0,0,0)	(9,100297,0)	0	0
87000009	侠客		1	(1,0,0,0)	(9,100021,0)	0	0
87000010	侠客		1	(1,0,0,0)	(9,100043,0)	0	0
87000011	侠客		1	(1,0,0,0)	(9,100054,0)	0	0
87000012	侠客		1	(1,0,0,0)	(9,100056,0)	0	0
87000013	侠客		1	(1,0,0,0)	(9,100419,0)	0	0
87000014	侠客		1	(1,0,0,0)	(9,200022,0)	0	0
87000015	侠客		1	(1,0,0,0)	(9,200039,0)	0	0
87000016	侠客		1	(1,0,0,0)	(9,200044,0)	0	0
87000017	侠客		1	(1,0,0,0)	(9,210048,0)	0	0
87000018	侠客		1	(1,0,0,0)	(9,800035,0)	0	0
87000019	侠客		1	(1,0,0,0)	(9,800092,0)	0	0
87000020	侠客		1	(1,0,0,0)	(9,878150,0)	0	0
87000021	侠客		1	(1,0,0,0)	(9,878155,0)	0	0
87000022	侠客		1	(1,0,0,0)	(9,878162,0)	0	0
87000023	侠客		1	(1,0,0,0)	(9,878178,0)	0	0
87000024	侠客		1	(1,0,0,0)	(9,878188,0)	0	0
87000025	侠客		1	(1,0,0,0)	(9,878208,0)	0	0
87000026	侠客		1	(1,0,0,0)	(9,878217,0)	0	0
87000027	侠客		1	(1,0,0,0)	(9,878224,0)	0	0
87000028	侠客		1	(1,0,0,0)	(9,878226,0)	0	0
87000029	侠客		1	(1,0,0,0)	(9,878228,0)	0	0
87000030	侠客		1	(1,0,0,0)	(9,878241,0)	0	0
87000031	侠客		1	(1,0,0,0)	(9,878242,0)	0	0
87000032	侠客		1	(1,0,0,0)	(9,878262,0)	0	0
87000033	侠客		1	(1,0,0,0)	(9,878273,0)	0	0
87000034	侠客		1	(1,0,0,0)	(9,878274,0)	0	0
87000035	侠客		1	(1,0,0,0)	(9,878275,0)	0	0
87100101	心法	TalentIcon01	1	(1,0,0,0)	(8,60001,0)	0	0
87100102	心法	TalentIcon01	1	(1,0,0,0)	(8,60002,0)	0	0
87100103	心法	TalentIcon01	1	(1,0,0,0)	(8,60003,0)	0	0
87100104	心法	TalentIcon01	1	(1,0,0,0)	(8,60004,0)	0	0
87100105	心法	TalentIcon01	1	(1,0,0,0)	(8,60005,0)	0	0
87100106	心法	TalentIcon01	1	(1,0,0,0)	(8,60006,0)	0	0
87100107	心法	TalentIcon01	1	(1,0,0,0)	(8,60007,0)	0	0
87100108	心法	TalentIcon01	1	(1,0,0,0)	(8,60008,0)	0	0
87100109	心法	TalentIcon01	1	(1,0,0,0)	(8,60009,0)	0	0
87100110	心法	TalentIcon01	1	(1,0,0,0)	(8,60010,0)	0	0
87100111	心法	TalentIcon01	1	(1,0,0,0)	(8,60011,0)	0	0
87100112	心法	TalentIcon01	1	(1,0,0,0)	(8,60012,0)	0	0
87100113	心法	TalentIcon01	1	(1,0,0,0)	(8,60013,0)	0	0
87100114	心法	TalentIcon01	1	(1,0,0,0)	(8,60014,0)	0	0
87100115	心法	TalentIcon01	1	(1,0,0,0)	(8,60017,0)	0	0
87100116	心法	TalentIcon01	1	(1,0,0,0)	(8,60018,0)	0	0
87100117	心法	TalentIcon01	1	(1,0,0,0)	(8,60019,0)	0	0
87100118	心法	TalentIcon01	1	(1,0,0,0)	(8,60020,0)	0	0
87100119	心法	TalentIcon01	1	(1,0,0,0)	(8,60021,0)	0	0
87100120	心法	TalentIcon01	1	(1,0,0,0)	(8,60022,0)	0	0
87100121	心法	TalentIcon01	1	(1,0,0,0)	(8,60023,0)	0	0
87100122	心法	TalentIcon01	1	(1,0,0,0)	(8,60024,0)	0	0
87100123	心法	TalentIcon01	1	(1,0,0,0)	(8,60025,0)	0	0
87100124	心法	TalentIcon01	1	(1,0,0,0)	(8,60026,0)	0	0
87100125	心法	TalentIcon01	1	(1,0,0,0)	(8,60027,0)	0	0
87100126	心法	TalentIcon01	1	(1,0,0,0)	(8,60028,0)	0	0
87100127	心法	TalentIcon01	1	(1,0,0,0)	(8,60029,0)	0	0
87100128	心法	TalentIcon01	1	(1,0,0,0)	(8,60030,0)	0	0
87100129	心法	TalentIcon01	1	(1,0,0,0)	(8,60031,0)	0	0
87100130	心法	TalentIcon01	1	(1,0,0,0)	(8,60032,0)	0	0
87100131	心法	TalentIcon01	1	(1,0,0,0)	(8,60033,0)	0	0
87100132	心法	TalentIcon01	1	(1,0,0,0)	(8,60034,0)	0	0
87100133	心法	TalentIcon01	1	(1,0,0,0)	(8,60035,0)	0	0
87100134	心法	TalentIcon01	1	(1,0,0,0)	(8,60036,0)	0	0
87100135	心法	TalentIcon01	1	(1,0,0,0)	(8,60037,0)	0	0
87100136	心法	TalentIcon01	1	(1,0,0,0)	(8,60038,0)	0	0
87100137	心法	TalentIcon01	1	(1,0,0,0)	(8,60039,0)	0	0
87100138	心法	TalentIcon01	1	(1,0,0,0)	(8,60040,0)	0	0
87100139	心法	TalentIcon01	1	(1,0,0,0)	(8,60041,0)	0	0
87100140	心法	TalentIcon01	1	(1,0,0,0)	(8,60042,0)	0	0
87100141	心法	TalentIcon01	1	(1,0,0,0)	(8,60043,0)	0	0
87100142	心法	TalentIcon01	1	(1,0,0,0)	(8,60044,0)	0	0
87100143	心法	TalentIcon01	1	(1,0,0,0)	(8,60045,0)	0	0
87100144	心法	TalentIcon01	1	(1,0,0,0)	(8,60046,0)	0	0
87100145	心法	TalentIcon01	1	(1,0,0,0)	(8,60047,0)	0	0
87100146	心法	TalentIcon01	1	(1,0,0,0)	(8,60048,0)	0	0
87100147	心法	TalentIcon01	1	(1,0,0,0)	(8,60049,0)	0	0
87100148	心法	TalentIcon01	1	(1,0,0,0)	(8,60050,0)	0	0
87100149	心法	TalentIcon01	1	(1,0,0,0)	(8,60051,0)	0	0
87100150	心法	TalentIcon01	1	(1,0,0,0)	(8,60052,0)	0	0
87100151	心法	TalentIcon01	1	(1,0,0,0)	(8,60053,0)	0	0
87100152	心法	TalentIcon01	1	(1,0,0,0)	(8,60054,0)	0	0
87100153	心法	TalentIcon01	1	(1,0,0,0)	(8,60055,0)	0	0
87100154	心法	TalentIcon01	1	(1,0,0,0)	(8,60056,0)	0	0
87100155	心法	TalentIcon01	1	(1,0,0,0)	(8,60057,0)	0	0
87100156	心法	TalentIcon01	1	(1,0,0,0)	(8,60058,0)	0	0
87100157	心法	TalentIcon01	1	(1,0,0,0)	(8,60059,0)	0	0
87100158	心法	TalentIcon01	1	(1,0,0,0)	(8,60060,0)	0	0
87100159	心法	TalentIcon01	1	(1,0,0,0)	(8,60061,0)	0	0
87100160	心法	TalentIcon01	1	(1,0,0,0)	(8,60062,0)	0	0
87100161	心法	TalentIcon01	1	(1,0,0,0)	(8,60063,0)	0	0
87100162	心法	TalentIcon01	1	(1,0,0,0)	(8,60064,0)	0	0
87100163	心法	TalentIcon01	1	(1,0,0,0)	(8,60065,0)	0	0
87100164	心法	TalentIcon01	1	(1,0,0,0)	(8,60066,0)	0	0
87100165	心法	TalentIcon01	1	(1,0,0,0)	(8,60067,0)	0	0
87100166	心法	TalentIcon01	1	(1,0,0,0)	(8,60068,0)	0	0
87100167	心法	TalentIcon01	1	(1,0,0,0)	(8,60069,0)	0	0
87100168	心法	TalentIcon01	1	(1,0,0,0)	(8,60070,0)	0	0
87100169	心法	TalentIcon01	1	(1,0,0,0)	(8,60071,0)	0	0
87100170	心法	TalentIcon01	1	(1,0,0,0)	(8,60072,0)	0	0
87100171	心法	TalentIcon01	1	(1,0,0,0)	(8,60073,0)	0	0
87100172	心法	TalentIcon01	1	(1,0,0,0)	(8,60074,0)	0	0
87100173	心法	TalentIcon01	1	(1,0,0,0)	(8,60075,0)	0	0
87100174	心法	TalentIcon01	1	(1,0,0,0)	(8,70001,0)	0	0
87100175	心法	TalentIcon01	1	(1,0,0,0)	(8,70002,0)	0	0
87100176	心法	TalentIcon01	1	(1,0,0,0)	(8,70004,0)	0	0
87100177	心法	TalentIcon01	1	(1,0,0,0)	(8,70005,0)	0	0
87100178	心法	TalentIcon01	1	(1,0,0,0)	(8,70009,0)	0	0
87100179	心法	TalentIcon01	1	(1,0,0,0)	(8,70011,0)	0	0
87100180	心法	TalentIcon01	1	(1,0,0,0)	(8,70012,0)	0	0
87100181	心法	TalentIcon01	1	(1,0,0,0)	(8,70013,0)	0	0
87100182	心法	TalentIcon01	1	(1,0,0,0)	(8,70014,0)	0	0
87100183	心法	TalentIcon01	1	(1,0,0,0)	(8,70017,0)	0	0
87100184	心法	TalentIcon01	1	(1,0,0,0)	(8,70018,0)	0	0
87100185	心法	TalentIcon01	1	(1,0,0,0)	(8,70021,0)	0	0
87100186	心法	TalentIcon01	0	(1,0,0,0)	(8,70022,0)	0	1
87100187	心法	TalentIcon01	0	(1,0,0,0)	(8,70023,0)	0	1
87100188	心法	TalentIcon01	0	(1,0,0,0)	(8,70024,0)	0	1
87100189	心法	TalentIcon01	0	(1,0,0,0)	(8,70025,0)	0	1
87100190	心法	TalentIcon01	0	(1,0,0,0)	(8,70029,0)	0	1
87100191	心法	TalentIcon01	0	(1,0,0,0)	(8,70030,0)	0	1
87100192	心法	TalentIcon01	0	(1,0,0,0)	(8,70031,0)	0	1
87100193	心法	TalentIcon01	0	(1,0,0,0)	(8,70032,0)	0	2
87100194	心法	TalentIcon01	0	(1,0,0,0)	(8,70033,0)	0	2
87100195	心法	TalentIcon01	0	(1,0,0,0)	(8,70034,0)	0	3
87100196	心法	TalentIcon01	0	(1,0,0,0)	(8,70035,0)	0	3
87100197	心法	TalentIcon01	0	(1,0,0,0)	(8,70036,0)	0	3
87100198	心法	TalentIcon01	0	(1,0,0,0)	(8,70039,0)	0	1
87100199	心法	TalentIcon01	0	(1,0,0,0)	(8,70041,0)	0	1
87100200	心法	TalentIcon01	0	(1,0,0,0)	(8,70042,0)	0	1
87100201	心法	TalentIcon01	0	(1,0,0,0)	(8,70043,0)	0	1
87100202	心法	TalentIcon01	0	(1,0,0,0)	(8,70044,0)	0	1
87100203	心法	TalentIcon01	0	(1,0,0,0)	(8,70046,0)	0	1
87100204	心法	TalentIcon01	0	(1,0,0,0)	(8,70047,0)	0	2
87100205	心法	TalentIcon01	0	(1,0,0,0)	(8,70048,0)	0	1
87100206	心法	TalentIcon01	0	(1,0,0,0)	(8,70049,0)	0	1
87100207	心法	TalentIcon01	0	(1,0,0,0)	(8,70050,0)	0	2
87100208	心法	TalentIcon01	0	(1,0,0,0)	(8,70051,0)	0	1
87100209	心法	TalentIcon01	0	(1,0,0,0)	(8,70066,0)	0	1
87100210	心法	TalentIcon01	0	(1,0,0,0)	(8,70067,0)	0	2
87100211	心法	TalentIcon01	0	(1,0,0,0)	(8,70068,0)	0	1
87100212	心法	TalentIcon01	0	(1,0,0,0)	(8,70069,0)	0	2
87100213	心法	TalentIcon01	0	(1,0,0,0)	(8,70070,0)	0	2
87100214	心法	TalentIcon01	0	(1,0,0,0)	(8,70071,0)	0	2
87100215	心法	TalentIcon01	0	(1,0,0,0)	(8,70072,0)	0	0
87100216	心法	TalentIcon01	0	(1,0,0,0)	(8,70076,0)	0	0
87100217	心法	TalentIcon01	0	(1,0,0,0)	(8,70078,0)	0	0
87100218	心法	TalentIcon01	0	(1,0,0,0)	(8,70079,0)	0	1
87100219	心法	TalentIcon01	0	(1,0,0,0)	(8,70080,0)	0	2
87100220	心法	TalentIcon01	0	(1,0,0,0)	(8,70081,0)	0	1
87100221	心法	TalentIcon01	0	(1,0,0,0)	(8,70082,0)	0	2
87100222	心法	TalentIcon01	0	(1,0,0,0)	(8,70083,0)	0	2
87100223	心法	TalentIcon01	0	(1,0,0,0)	(8,70084,0)	0	2
87100224	心法	TalentIcon01	0	(1,0,0,0)	(8,70086,0)	0	2
87100225	心法	TalentIcon01	0	(1,0,0,0)	(8,70087,0)	0	2
87100226	心法	TalentIcon01	0	(1,0,0,0)	(8,70088,0)	0	2
87100227	心法	TalentIcon01	1	(1,0,0,0)	(8,70090,0)	0	0
87100228	心法	TalentIcon01	0	(1,0,0,0)	(8,99001,0)	0	0
87200001	天赋	TalentIcon10	0	(1,0,0,0)	(5,205,0)	0	3
87200002	天赋	TalentIcon10	0	(1,0,0,0)	(5,206,0)	0	3
87200003	天赋	TalentIcon10	0	(1,0,0,0)	(5,301,0)	0	1
87200004	天赋	TalentIcon10	0	(1,0,0,0)	(5,302,0)	0	1
87200005	天赋	TalentIcon10	0	(1,0,0,0)	(5,303,0)	0	1
87200006	天赋	TalentIcon10	0	(1,0,0,0)	(5,305,0)	0	2
87200007	天赋	TalentIcon10	0	(1,0,0,0)	(5,307,0)	0	1
87200008	天赋	TalentIcon10	0	(1,0,0,0)	(5,309,0)	0	1
87200009	天赋	TalentIcon10	0	(1,0,0,0)	(5,310,0)	0	2
87200010	天赋	TalentIcon10	0	(1,0,0,0)	(5,311,0)	0	1
87200011	天赋	TalentIcon10	0	(1,0,0,0)	(5,312,0)	0	1
87200012	天赋	TalentIcon10	0	(1,0,0,0)	(5,313,0)	0	2
87200013	天赋	TalentIcon10	0	(1,0,0,0)	(5,315,0)	0	1
87200014	天赋	TalentIcon10	0	(1,0,0,0)	(5,317,0)	0	2
87200015	天赋	TalentIcon10	0	(1,0,0,0)	(5,320,0)	0	2
87200016	天赋	TalentIcon10	0	(1,0,0,0)	(5,321,0)	0	2
87200017	天赋	TalentIcon10	0	(1,0,0,0)	(5,322,0)	0	0
87200018	天赋	TalentIcon10	0	(1,0,0,0)	(5,323,0)	0	0
87200019	天赋	TalentIcon10	0	(1,0,0,0)	(5,325,0)	0	0
87200020	天赋	TalentIcon10	0	(1,0,0,0)	(5,326,0)	0	2
87200021	天赋	TalentIcon10	0	(1,0,0,0)	(5,327,0)	0	1
87200022	天赋	TalentIcon10	0	(1,0,0,0)	(5,332,0)	0	2
87200023	天赋	TalentIcon10	0	(1,0,0,0)	(5,333,0)	0	2
87200024	天赋	TalentIcon10	1	(1,0,0,0)	(5,335,0)	0	0
87200025	天赋	TalentIcon10	1	(1,0,0,0)	(5,351,0)	0	0
87200026	天赋	TalentIcon10	1	(1,0,0,0)	(5,352,0)	0	0
87200027	天赋	TalentIcon10	1	(1,0,0,0)	(5,353,0)	0	0
87200028	天赋	TalentIcon10	1	(1,0,0,0)	(5,401,0)	0	0
87300001	气血强化（初级）	TalentIcon19	0	(1,0,0,0)	(1,1,500)	提升气血500点	1
87300002	气血强化（中级）	TalentIcon19	0	(1,0,0,0)	(1,1,600)	提升气血600点	1
87300003	内力强化（初级）	TalentIcon19	0	(1,0,0,0)	(1,3,500)	提升内力500点	1
87300004	内力强化（中级）	TalentIcon19	0	(1,0,0,0)	(1,3,600)	提升内力600点	1
87300005	爆击强化（初级）	TalentIcon19	0	(1,0,0,0)	(1,53,5)*(1,1,300)	爆击率+5%，气血+300	1
87300006	爆击强化（中级）	TalentIcon19	0	(1,0,0,0)	(1,53,7)*(1,1,500)	爆击率+7%，气血+500	1
87300007	爆击强化（高级）	TalentIcon19	0	(1,0,0,0)	(1,53,8)*(1,1,700)	爆击率+8%，气血+700	2
87300008	闪避强化（初级）	TalentIcon19	0	(1,0,0,0)	(1,51,5)*(1,1,300)	闪避率+5%，气血+300	1
87300009	闪避强化（中级）	TalentIcon19	0	(1,0,0,0)	(1,51,7)*(1,1,500)	闪避率+7%，气血+500	1
87300010	闪避强化（高级）	TalentIcon19	0	(1,0,0,0)	(1,51,8)*(1,1,700)	闪避率+8%，气血+700	2
87300011	反击强化（初级）	TalentIcon19	0	(1,0,0,0)	(1,52,5)*(1,1,300)	反击率+5%，气血+300	1
87300012	反击强化（中级）	TalentIcon19	0	(1,0,0,0)	(1,52,7)*(1,1,500)	反击率+7%，气血+500	1
87300013	反击强化（高级）	TalentIcon19	0	(1,0,0,0)	(1,52,8)*(1,1,700)	反击率+8%，气血+700	2
87300014	轻功强化（初级）	TalentIcon19	0	(1,0,0,0)	(1,4,1)*(1,3,300)	移动格数+1，内力+300	1
87300015	轻功强化（高级）	TalentIcon19	0	(1,0,0,0)	(1,4,1)*(1,3,300)	移动格数+1，内力+700	2
87300016	防御强化（初级）	TalentIcon19	0	(1,0,0,0)	(6,15,0)	应对点数+15	1
87300017	防御强化（中级）	TalentIcon19	0	(1,0,0,0)	(6,25,0)	应对点数+25	2
87300018	防御强化（高级）	TalentIcon19	0	(1,0,0,0)	(6,35,0)	应对点数+35	2
87400001	武功	TalentIcon18	0	(1,0,0,0)	(2,100001,0)	0	0
87400002	武功	TalentIcon18	0	(1,0,0,0)	(2,100002,0)	0	0
87400003	武功	TalentIcon18	0	(1,0,0,0)	(2,100003,0)	0	0
87400004	武功	TalentIcon18	0	(1,0,0,0)	(2,100004,0)	0	0
87400005	武功	TalentIcon18	0	(1,0,0,0)	(2,100005,0)	0	0
87400006	武功	TalentIcon18	0	(1,0,0,0)	(2,100006,0)	0	0
87400007	武功	TalentIcon18	0	(1,0,0,0)	(2,100007,0)	0	0
87400008	武功	TalentIcon18	0	(1,0,0,0)	(2,100008,0)	0	0
87400009	武功	TalentIcon18	0	(1,0,0,0)	(2,100009,0)	0	0
87400010	武功	TalentIcon18	0	(1,0,0,0)	(2,100010,0)	0	0
87400011	武功	TalentIcon18	0	(1,0,0,0)	(2,100011,0)	0	0
87400012	武功	TalentIcon18	0	(1,0,0,0)	(2,100012,0)	0	0
87400013	武功	TalentIcon18	0	(1,0,0,0)	(2,100013,0)	0	0
87400014	武功	TalentIcon18	0	(1,0,0,0)	(2,100014,0)	0	0
87400015	武功	TalentIcon18	0	(1,0,0,0)	(2,100015,0)	0	0
87400016	武功	TalentIcon18	0	(1,0,0,0)	(2,100016,0)	0	0
87400017	武功	TalentIcon18	0	(1,0,0,0)	(2,100017,0)	0	0
87400018	武功	TalentIcon18	0	(1,0,0,0)	(2,100018,0)	0	0
87400019	武功	TalentIcon18	0	(1,0,0,0)	(2,100019,0)	0	0
87400020	武功	TalentIcon18	0	(1,0,0,0)	(2,100020,0)	0	0
87400021	武功	TalentIcon18	0	(1,0,0,0)	(2,100021,0)	0	0
87400022	武功	TalentIcon18	0	(1,0,0,0)	(2,100022,0)	0	0
87400023	武功	TalentIcon18	0	(1,0,0,0)	(2,100023,0)	0	0
87400024	武功	TalentIcon18	0	(1,0,0,0)	(2,100024,0)	0	0
87400025	武功	TalentIcon18	0	(1,0,0,0)	(2,100025,0)	0	0
87400026	武功	TalentIcon18	0	(1,0,0,0)	(2,100026,0)	0	0
87400027	武功	TalentIcon18	0	(1,0,0,0)	(2,100027,0)	0	0
87400028	武功	TalentIcon18	0	(1,0,0,0)	(2,100028,0)	0	0
87400029	武功	TalentIcon18	0	(1,0,0,0)	(2,100029,0)	0	0
87400030	武功	TalentIcon18	0	(1,0,0,0)	(2,100030,0)	0	0
87400031	武功	TalentIcon18	0	(1,0,0,0)	(2,100031,0)	0	0
87400032	武功	TalentIcon18	0	(1,0,0,0)	(2,100032,0)	0	0
87400033	武功	TalentIcon18	0	(1,0,0,0)	(2,100033,0)	0	0
87400034	武功	TalentIcon18	0	(1,0,0,0)	(2,100034,0)	0	0
87400035	武功	TalentIcon18	0	(1,0,0,0)	(2,100035,0)	0	0
87400036	武功	TalentIcon18	0	(1,0,0,0)	(2,100036,0)	0	0
87400037	武功	TalentIcon18	0	(1,0,0,0)	(2,100037,0)	0	0
87400038	武功	TalentIcon18	0	(1,0,0,0)	(2,100038,0)	0	0
87400039	武功	TalentIcon18	0	(1,0,0,0)	(2,100039,0)	0	0
87400040	武功	TalentIcon18	0	(1,0,0,0)	(2,100040,0)	0	0
87400041	武功	TalentIcon18	0	(1,0,0,0)	(2,100041,0)	0	0
87400042	武功	TalentIcon18	0	(1,0,0,0)	(2,100042,0)	0	0
87400043	武功	TalentIcon18	0	(1,0,0,0)	(2,100043,0)	0	0
87400044	武功	TalentIcon18	0	(1,0,0,0)	(2,100044,0)	0	0
87400045	武功	TalentIcon18	0	(1,0,0,0)	(2,100045,0)	0	0
87400046	武功	TalentIcon18	0	(1,0,0,0)	(2,100046,0)	0	0
87400047	武功	TalentIcon18	0	(1,0,0,0)	(2,100047,0)	0	0
87400048	武功	TalentIcon18	0	(1,0,0,0)	(2,100048,0)	0	0
87400049	武功	TalentIcon18	0	(1,0,0,0)	(2,100049,0)	0	0
87400050	武功	TalentIcon18	0	(1,0,0,0)	(2,100050,0)	0	0
87400051	武功	TalentIcon18	0	(1,0,0,0)	(2,100051,0)	0	0
87400052	武功	TalentIcon18	0	(1,0,0,0)	(2,100052,0)	0	0
87400053	武功	TalentIcon18	0	(1,0,0,0)	(2,100053,0)	0	0
87400054	武功	TalentIcon18	0	(1,0,0,0)	(2,100054,0)	0	0
87400055	武功	TalentIcon18	0	(1,0,0,0)	(2,100055,0)	0	0
87400056	武功	TalentIcon18	0	(1,0,0,0)	(2,100056,0)	0	0
87400057	武功	TalentIcon18	0	(1,0,0,0)	(2,100057,0)	0	0
87400058	武功	TalentIcon18	0	(1,0,0,0)	(2,100058,0)	0	0
87400059	武功	TalentIcon18	0	(1,0,0,0)	(2,100059,0)	0	0
87400060	武功	TalentIcon18	0	(1,0,0,0)	(2,100060,0)	0	0
87400061	武功	TalentIcon18	0	(1,0,0,0)	(2,100061,0)	0	0
87400062	武功	TalentIcon18	0	(1,0,0,0)	(2,100062,0)	0	0
87400063	武功	TalentIcon18	0	(1,0,0,0)	(2,100063,0)	0	0
87400064	武功	TalentIcon18	0	(1,0,0,0)	(2,100064,0)	0	0
87400065	武功	TalentIcon18	0	(1,0,0,0)	(2,100065,0)	0	0
87400066	武功	TalentIcon18	0	(1,0,0,0)	(2,100066,0)	0	0
87400067	武功	TalentIcon18	0	(1,0,0,0)	(2,100067,0)	0	0
87400068	武功	TalentIcon18	0	(1,0,0,0)	(2,100068,0)	0	0
87400069	武功	TalentIcon18	0	(1,0,0,0)	(2,100069,0)	0	0
87400070	武功	TalentIcon18	0	(1,0,0,0)	(2,100070,0)	0	0
87400071	武功	TalentIcon18	0	(1,0,0,0)	(2,100071,0)	0	0
87400072	武功	TalentIcon18	0	(1,0,0,0)	(2,100072,0)	0	0
87400073	武功	TalentIcon18	0	(1,0,0,0)	(2,100073,0)	0	0
87400074	武功	TalentIcon18	0	(1,0,0,0)	(2,100074,0)	0	0
87400075	武功	TalentIcon18	0	(1,0,0,0)	(2,100075,0)	0	0
87400076	武功	TalentIcon18	0	(1,0,0,0)	(2,100076,0)	0	0
87400077	武功	TalentIcon18	0	(1,0,0,0)	(2,100077,0)	0	0
87400078	武功	TalentIcon18	0	(1,0,0,0)	(2,100078,0)	0	0
87400079	武功	TalentIcon18	0	(1,0,0,0)	(2,100079,0)	0	0
87400080	武功	TalentIcon18	0	(1,0,0,0)	(2,100080,0)	0	0
87400081	武功	TalentIcon18	0	(1,0,0,0)	(2,100081,0)	0	0
87400082	武功	TalentIcon18	0	(1,0,0,0)	(2,100082,0)	0	0
87400083	武功	TalentIcon18	0	(1,0,0,0)	(2,100083,0)	0	0
87400084	武功	TalentIcon18	0	(1,0,0,0)	(2,100084,0)	0	0
87400085	武功	TalentIcon18	0	(1,0,0,0)	(2,100085,0)	0	0
87400086	武功	TalentIcon18	0	(1,0,0,0)	(2,100086,0)	0	0
87400087	武功	TalentIcon18	0	(1,0,0,0)	(2,100087,0)	0	0
87400088	武功	TalentIcon18	0	(1,0,0,0)	(2,100088,0)	0	0
87400089	武功	TalentIcon18	0	(1,0,0,0)	(2,100089,0)	0	0
87400090	武功	TalentIcon18	0	(1,0,0,0)	(2,100090,0)	0	0
87400091	武功	TalentIcon18	0	(1,0,0,0)	(2,100091,0)	0	0
87400092	武功	TalentIcon18	0	(1,0,0,0)	(2,100092,0)	0	0
87400093	武功	TalentIcon18	0	(1,0,0,0)	(2,100093,0)	0	0
87400094	武功	TalentIcon18	0	(1,0,0,0)	(2,100094,0)	0	0
87400095	武功	TalentIcon18	0	(1,0,0,0)	(2,100095,0)	0	0
87400096	武功	TalentIcon18	0	(1,0,0,0)	(2,100096,0)	0	0
87400097	武功	TalentIcon18	0	(1,0,0,0)	(2,100097,0)	0	0
87400098	武功	TalentIcon18	0	(1,0,0,0)	(2,100098,0)	0	0
87400099	武功	TalentIcon18	0	(1,0,0,0)	(2,100099,0)	0	0
87400100	武功	TalentIcon18	0	(1,0,0,0)	(2,100100,0)	0	0
87400101	武功	TalentIcon18	0	(1,0,0,0)	(2,100101,0)	0	0
87400102	武功	TalentIcon18	0	(1,0,0,0)	(2,100102,0)	0	0
87400103	武功	TalentIcon18	0	(1,0,0,0)	(2,100103,0)	0	0
87400104	武功	TalentIcon18	0	(1,0,0,0)	(2,100104,0)	0	0
87400105	武功	TalentIcon18	0	(1,0,0,0)	(2,100105,0)	0	0
87400106	武功	TalentIcon18	0	(1,0,0,0)	(2,100106,0)	0	0
87400107	武功	TalentIcon18	0	(1,0,0,0)	(2,100107,0)	0	0
87400108	武功	TalentIcon18	0	(1,0,0,0)	(2,100108,0)	0	0
87400109	武功	TalentIcon18	0	(1,0,0,0)	(2,100109,0)	0	0
87400110	武功	TalentIcon18	0	(1,0,0,0)	(2,100110,0)	0	0
87400111	武功	TalentIcon18	0	(1,0,0,0)	(2,100111,0)	0	0
87400112	武功	TalentIcon18	0	(1,0,0,0)	(2,100112,0)	0	0
87400113	武功	TalentIcon18	0	(1,0,0,0)	(2,100113,0)	0	0
87400114	武功	TalentIcon18	0	(1,0,0,0)	(2,100114,0)	0	0
87400115	武功	TalentIcon18	0	(1,0,0,0)	(2,100115,0)	0	0
87400116	武功	TalentIcon18	0	(1,0,0,0)	(2,100116,0)	0	0
87400117	武功	TalentIcon18	0	(1,0,0,0)	(2,100117,0)	0	0
87400118	武功	TalentIcon18	0	(1,0,0,0)	(2,100118,0)	0	0
87400119	武功	TalentIcon18	0	(1,0,0,0)	(2,100119,0)	0	0
87400120	武功	TalentIcon18	0	(1,0,0,0)	(2,100120,0)	0	0
87400121	武功	TalentIcon18	0	(1,0,0,0)	(2,100121,0)	0	0
87400122	武功	TalentIcon18	0	(1,0,0,0)	(2,100122,0)	0	0
87400123	武功	TalentIcon18	0	(1,0,0,0)	(2,100123,0)	0	0
87400124	武功	TalentIcon18	0	(1,0,0,0)	(2,100124,0)	0	0
87400125	武功	TalentIcon18	0	(1,0,0,0)	(2,100125,0)	0	0
87400126	武功	TalentIcon18	0	(1,0,0,0)	(2,100126,0)	0	0
87400127	武功	TalentIcon18	0	(1,0,0,0)	(2,100127,0)	0	0
87400128	武功	TalentIcon18	0	(1,0,0,0)	(2,100128,0)	0	0
87400129	武功	TalentIcon18	0	(1,0,0,0)	(2,100129,0)	0	0
87400130	武功	TalentIcon18	0	(1,0,0,0)	(2,100130,0)	0	0
87400131	武功	TalentIcon18	0	(1,0,0,0)	(2,100131,0)	0	0
87400132	武功	TalentIcon18	0	(1,0,0,0)	(2,100132,0)	0	0
87400133	武功	TalentIcon18	0	(1,0,0,0)	(2,100133,0)	0	0
87400134	武功	TalentIcon18	0	(1,0,0,0)	(2,100134,0)	0	0
87400135	武功	TalentIcon18	0	(1,0,0,0)	(2,100135,0)	0	0
87400136	武功	TalentIcon18	0	(1,0,0,0)	(2,100136,0)	0	0
87400137	武功	TalentIcon18	0	(1,0,0,0)	(2,100137,0)	0	0
87400138	武功	TalentIcon18	0	(1,0,0,0)	(2,100138,0)	0	0
87400139	武功	TalentIcon18	0	(1,0,0,0)	(2,100139,0)	0	0
87400140	武功	TalentIcon18	0	(1,0,0,0)	(2,100140,0)	0	0
87400141	武功	TalentIcon18	0	(1,0,0,0)	(2,100141,0)	0	0
87400142	武功	TalentIcon18	0	(1,0,0,0)	(2,100142,0)	0	0
87400143	武功	TalentIcon18	0	(1,0,0,0)	(2,100143,0)	0	0
87400144	武功	TalentIcon18	0	(1,0,0,0)	(2,100144,0)	0	0
87400145	武功	TalentIcon18	0	(1,0,0,0)	(2,100147,0)	0	0
87400146	武功	TalentIcon18	0	(1,0,0,0)	(2,100148,0)	0	0
87400147	武功	TalentIcon18	0	(1,0,0,0)	(2,100149,0)	0	0
87400148	武功	TalentIcon18	0	(1,0,0,0)	(2,100156,0)	0	0
87400149	武功	TalentIcon18	0	(1,0,0,0)	(2,100157,0)	0	0
87400150	武功	TalentIcon18	0	(1,0,0,0)	(2,100158,0)	0	0
87400151	武功	TalentIcon18	0	(1,0,0,0)	(2,100159,0)	0	0
87400152	武功	TalentIcon18	0	(1,0,0,0)	(2,100160,0)	0	0
87400153	武功	TalentIcon18	0	(1,0,0,0)	(2,100161,0)	0	0
87400154	武功	TalentIcon18	0	(1,0,0,0)	(2,100162,0)	0	0
87400155	武功	TalentIcon18	0	(1,0,0,0)	(2,100163,0)	0	0
87400156	武功	TalentIcon18	0	(1,0,0,0)	(2,100164,0)	0	0
87400157	武功	TalentIcon18	0	(1,0,0,0)	(2,100165,0)	0	0
87400158	武功	TalentIcon18	0	(1,0,0,0)	(2,100166,0)	0	0
87400159	武功	TalentIcon18	0	(1,0,0,0)	(2,100167,0)	0	0
87400160	武功	TalentIcon18	0	(1,0,0,0)	(2,100168,0)	0	0
87400161	武功	TalentIcon18	0	(1,0,0,0)	(2,100169,0)	0	0
87400162	武功	TalentIcon18	0	(1,0,0,0)	(2,100170,0)	0	0
87400163	武功	TalentIcon18	0	(1,0,0,0)	(2,100171,0)	0	0
87400164	武功	TalentIcon18	0	(1,0,0,0)	(2,100172,0)	0	0
87400165	武功	TalentIcon18	0	(1,0,0,0)	(2,100173,0)	0	0
87400166	武功	TalentIcon18	0	(1,0,0,0)	(2,100174,0)	0	0
87400167	武功	TalentIcon18	0	(1,0,0,0)	(2,100175,0)	0	0
87400168	武功	TalentIcon18	0	(1,0,0,0)	(2,100176,0)	0	0
87400169	武功	TalentIcon18	0	(1,0,0,0)	(2,100177,0)	0	0
87400170	武功	TalentIcon18	0	(1,0,0,0)	(2,100178,0)	0	0
87400171	武功	TalentIcon18	0	(1,0,0,0)	(2,100179,0)	0	0
87400172	武功	TalentIcon18	0	(1,0,0,0)	(2,100180,0)	0	0
87400173	武功	TalentIcon18	0	(1,0,0,0)	(2,100181,0)	0	0
87400174	武功	TalentIcon18	0	(1,0,0,0)	(2,100182,0)	0	0
87400175	武功	TalentIcon18	0	(1,0,0,0)	(2,100183,0)	0	0
87400176	武功	TalentIcon18	0	(1,0,0,0)	(2,100184,0)	0	0
87400177	武功	TalentIcon18	0	(1,0,0,0)	(2,100185,0)	0	0
87400178	武功	TalentIcon18	0	(1,0,0,0)	(2,100186,0)	0	0
87400179	武功	TalentIcon18	0	(1,0,0,0)	(2,100187,0)	0	0
87400180	武功	TalentIcon18	0	(1,0,0,0)	(2,100188,0)	0	0
87400181	武功	TalentIcon18	0	(1,0,0,0)	(2,100189,0)	0	0
87400182	武功	TalentIcon18	0	(1,0,0,0)	(2,100190,0)	0	0
87400183	武功	TalentIcon18	0	(1,0,0,0)	(2,100191,0)	0	0
87400184	武功	TalentIcon18	0	(1,0,0,0)	(2,100192,0)	0	0
87400185	武功	TalentIcon18	0	(1,0,0,0)	(2,100193,0)	0	0
87400186	武功	TalentIcon18	0	(1,0,0,0)	(2,100194,0)	0	0
87400187	武功	TalentIcon18	0	(1,0,0,0)	(2,100195,0)	0	0
87400188	武功	TalentIcon18	0	(1,0,0,0)	(2,100196,0)	0	0
87400189	武功	TalentIcon18	0	(1,0,0,0)	(2,100197,0)	0	0
87400190	武功	TalentIcon18	0	(1,0,0,0)	(2,100198,0)	0	0
87400191	武功	TalentIcon18	0	(1,0,0,0)	(2,100199,0)	0	0
87400192	武功	TalentIcon18	0	(1,0,0,0)	(2,100200,0)	0	0
87400193	武功	TalentIcon18	0	(1,0,0,0)	(2,100201,0)	0	0
87400194	武功	TalentIcon18	0	(1,0,0,0)	(2,100202,0)	0	0
87400195	武功	TalentIcon18	0	(1,0,0,0)	(2,100203,0)	0	0
87400196	武功	TalentIcon18	0	(1,0,0,0)	(2,100204,0)	0	0
87400197	武功	TalentIcon18	0	(1,0,0,0)	(2,100205,0)	0	0
87400198	武功	TalentIcon18	0	(1,0,0,0)	(2,110001,0)	0	0
87400199	武功	TalentIcon18	0	(1,0,0,0)	(2,110002,0)	0	0
87400200	武功	TalentIcon18	0	(1,0,0,0)	(2,110003,0)	0	0
87400201	武功	TalentIcon18	0	(1,0,0,0)	(2,110005,0)	0	0
87400202	武功	TalentIcon18	0	(1,0,0,0)	(2,110006,0)	0	0
87400203	武功	TalentIcon18	0	(1,0,0,0)	(2,110007,0)	0	0
87400204	武功	TalentIcon18	0	(1,0,0,0)	(2,110008,0)	0	0
87400205	武功	TalentIcon18	0	(1,0,0,0)	(2,110009,0)	0	0
87400206	武功	TalentIcon18	0	(1,0,0,0)	(2,110010,0)	0	0
87400207	武功	TalentIcon18	0	(1,0,0,0)	(2,110011,0)	0	0
87400208	武功	TalentIcon18	0	(1,0,0,0)	(2,110013,0)	0	0
87400209	武功	TalentIcon18	0	(1,0,0,0)	(2,110014,0)	0	0
87400210	武功	TalentIcon18	0	(1,0,0,0)	(2,110015,0)	0	0
87400211	武功	TalentIcon18	0	(1,0,0,0)	(2,110016,0)	0	0
87400212	武功	TalentIcon18	0	(1,0,0,0)	(2,110017,0)	0	0
87400213	武功	TalentIcon18	0	(1,0,0,0)	(2,110018,0)	0	0
87400214	武功	TalentIcon18	0	(1,0,0,0)	(2,110019,0)	0	0
87400215	武功	TalentIcon18	0	(1,0,0,0)	(2,110020,0)	0	0
87400216	武功	TalentIcon18	0	(1,0,0,0)	(2,110021,0)	0	0
87400217	武功	TalentIcon18	0	(1,0,0,0)	(2,110022,0)	0	0
87400218	武功	TalentIcon18	0	(1,0,0,0)	(2,110023,0)	0	0
87400219	武功	TalentIcon18	0	(1,0,0,0)	(2,110024,0)	0	0
87400220	武功	TalentIcon18	0	(1,0,0,0)	(2,110025,0)	0	0
87400221	武功	TalentIcon18	0	(1,0,0,0)	(2,110026,0)	0	0
87400222	武功	TalentIcon18	0	(1,0,0,0)	(2,110027,0)	0	0
87400223	武功	TalentIcon18	0	(1,0,0,0)	(2,110028,0)	0	0
87400224	武功	TalentIcon18	0	(1,0,0,0)	(2,110029,0)	0	0
87400225	武功	TalentIcon18	0	(1,0,0,0)	(2,110030,0)	0	0
87400226	武功	TalentIcon18	0	(1,0,0,0)	(2,110033,0)	0	0
87400227	武功	TalentIcon18	0	(1,0,0,0)	(2,110034,0)	0	0
87400228	武功	TalentIcon18	0	(1,0,0,0)	(2,110035,0)	0	0
87400229	武功	TalentIcon18	0	(1,0,0,0)	(2,110036,0)	0	0
87400230	武功	TalentIcon18	0	(1,0,0,0)	(2,110037,0)	0	0
87400231	武功	TalentIcon18	0	(1,0,0,0)	(2,110038,0)	0	0
87400232	武功	TalentIcon18	0	(1,0,0,0)	(2,110039,0)	0	0
87400233	武功	TalentIcon18	0	(1,0,0,0)	(2,110040,0)	0	0
87400234	武功	TalentIcon18	0	(1,0,0,0)	(2,110041,0)	0	0
87400235	武功	TalentIcon18	0	(1,0,0,0)	(2,110042,0)	0	0
87400236	武功	TalentIcon18	0	(1,0,0,0)	(2,110043,0)	0	0
87400237	武功	TalentIcon18	0	(1,0,0,0)	(2,110044,0)	0	0
87400238	武功	TalentIcon18	0	(1,0,0,0)	(2,110045,0)	0	0
87400239	武功	TalentIcon18	0	(1,0,0,0)	(2,110046,0)	0	0
87400240	武功	TalentIcon18	0	(1,0,0,0)	(2,110047,0)	0	0
87400241	武功	TalentIcon18	0	(1,0,0,0)	(2,120001,0)	0	0
87400242	武功	TalentIcon18	0	(1,0,0,0)	(2,120002,0)	0	0
87400243	武功	TalentIcon18	0	(1,0,0,0)	(2,120003,0)	0	0
87400244	武功	TalentIcon18	0	(1,0,0,0)	(2,120004,0)	0	0
87400245	武功	TalentIcon18	0	(1,0,0,0)	(2,120005,0)	0	0
87400246	武功	TalentIcon18	0	(1,0,0,0)	(2,120006,0)	0	0
87400247	武功	TalentIcon18	0	(1,0,0,0)	(2,120007,0)	0	0
87400248	武功	TalentIcon18	0	(1,0,0,0)	(2,120008,0)	0	0
87400249	武功	TalentIcon18	0	(1,0,0,0)	(2,120009,0)	0	0
87400250	武功	TalentIcon18	0	(1,0,0,0)	(2,120011,0)	0	0
87400251	武功	TalentIcon18	0	(1,0,0,0)	(2,120012,0)	0	0
87400252	武功	TalentIcon18	0	(1,0,0,0)	(2,120013,0)	0	0
87400253	武功	TalentIcon18	0	(1,0,0,0)	(2,120015,0)	0	0
87400254	武功	TalentIcon18	0	(1,0,0,0)	(2,120016,0)	0	0
87400255	武功	TalentIcon18	0	(1,0,0,0)	(2,120017,0)	0	0
87400256	武功	TalentIcon18	0	(1,0,0,0)	(2,120018,0)	0	0
87400257	武功	TalentIcon18	0	(1,0,0,0)	(2,120020,0)	0	0
87400258	武功	TalentIcon18	0	(1,0,0,0)	(2,120021,0)	0	0
87400259	武功	TalentIcon18	0	(1,0,0,0)	(2,120022,0)	0	0
87400260	武功	TalentIcon18	0	(1,0,0,0)	(2,120023,0)	0	0
87400261	武功	TalentIcon18	0	(1,0,0,0)	(2,120025,0)	0	0
87400262	武功	TalentIcon18	0	(1,0,0,0)	(2,120026,0)	0	0
87400263	武功	TalentIcon18	0	(1,0,0,0)	(2,120027,0)	0	0
87400264	武功	TalentIcon18	0	(1,0,0,0)	(2,120029,0)	0	0
87400265	武功	TalentIcon18	0	(1,0,0,0)	(2,120030,0)	0	0
87400266	武功	TalentIcon18	0	(1,0,0,0)	(2,120031,0)	0	0
87400267	武功	TalentIcon18	0	(1,0,0,0)	(2,120032,0)	0	0
87400268	武功	TalentIcon18	0	(1,0,0,0)	(2,120033,0)	0	0
87400269	武功	TalentIcon18	0	(1,0,0,0)	(2,120034,0)	0	0
87400270	武功	TalentIcon18	0	(1,0,0,0)	(2,120037,0)	0	0
87400271	武功	TalentIcon18	0	(1,0,0,0)	(2,120038,0)	0	0
87400272	武功	TalentIcon18	0	(1,0,0,0)	(2,120039,0)	0	0
87400273	武功	TalentIcon18	0	(1,0,0,0)	(2,120046,0)	0	0
87400274	武功	TalentIcon18	0	(1,0,0,0)	(2,120047,0)	0	0
87400275	武功	TalentIcon18	0	(1,0,0,0)	(2,120048,0)	0	0
87400276	武功	TalentIcon18	0	(1,0,0,0)	(2,120049,0)	0	0
87400277	武功	TalentIcon18	0	(1,0,0,0)	(2,120050,0)	0	0
87400278	武功	TalentIcon18	0	(1,0,0,0)	(2,120051,0)	0	0
87400279	武功	TalentIcon18	0	(1,0,0,0)	(2,120052,0)	0	0
87400280	武功	TalentIcon18	0	(1,0,0,0)	(2,120053,0)	0	0
87400281	武功	TalentIcon18	0	(1,0,0,0)	(2,120054,0)	0	0
87400282	武功	TalentIcon18	0	(1,0,0,0)	(2,120055,0)	0	0
87400283	武功	TalentIcon18	0	(1,0,0,0)	(2,120056,0)	0	0
87400284	武功	TalentIcon18	0	(1,0,0,0)	(2,120057,0)	0	0
87400285	武功	TalentIcon18	0	(1,0,0,0)	(2,120058,0)	0	0
87400286	武功	TalentIcon18	0	(1,0,0,0)	(2,120060,0)	0	0
87400287	武功	TalentIcon18	0	(1,0,0,0)	(2,120061,0)	0	0
87400288	武功	TalentIcon18	0	(1,0,0,0)	(2,120062,0)	0	0
87400289	武功	TalentIcon18	0	(1,0,0,0)	(2,120063,0)	0	0
87400290	武功	TalentIcon18	0	(1,0,0,0)	(2,120064,0)	0	0
87400291	武功	TalentIcon18	0	(1,0,0,0)	(2,120065,0)	0	0
87400292	武功	TalentIcon18	0	(1,0,0,0)	(2,120072,0)	0	0
87400293	武功	TalentIcon18	0	(1,0,0,0)	(2,120073,0)	0	0
87400294	武功	TalentIcon18	0	(1,0,0,0)	(2,120074,0)	0	0
87400295	武功	TalentIcon18	0	(1,0,0,0)	(2,120075,0)	0	0
87400296	武功	TalentIcon18	0	(1,0,0,0)	(2,120076,0)	0	0
87400297	武功	TalentIcon18	0	(1,0,0,0)	(2,120077,0)	0	0
87400298	武功	TalentIcon18	0	(1,0,0,0)	(2,120078,0)	0	0
87400299	武功	TalentIcon18	0	(1,0,0,0)	(2,120079,0)	0	0
87400300	武功	TalentIcon18	0	(1,0,0,0)	(2,120080,0)	0	0
87400301	武功	TalentIcon18	0	(1,0,0,0)	(2,120081,0)	0	0
87400302	武功	TalentIcon18	0	(1,0,0,0)	(2,120082,0)	0	0
87400303	武功	TalentIcon18	0	(1,0,0,0)	(2,120083,0)	0	0
87400304	武功	TalentIcon18	0	(1,0,0,0)	(2,120085,0)	0	0
87400305	武功	TalentIcon18	0	(1,0,0,0)	(2,120100,0)	0	0
87400306	武功	TalentIcon18	0	(1,0,0,0)	(2,120101,0)	0	0
87400307	武功	TalentIcon18	0	(1,0,0,0)	(2,130001,0)	0	0
87400308	武功	TalentIcon18	0	(1,0,0,0)	(2,130003,0)	0	0
87400309	武功	TalentIcon18	0	(1,0,0,0)	(2,130004,0)	0	0
87400310	武功	TalentIcon18	0	(1,0,0,0)	(2,130005,0)	0	0
87400311	武功	TalentIcon18	0	(1,0,0,0)	(2,130006,0)	0	0
87400312	武功	TalentIcon18	0	(1,0,0,0)	(2,130008,0)	0	0
87400313	武功	TalentIcon18	0	(1,0,0,0)	(2,130009,0)	0	0
87400314	武功	TalentIcon18	0	(1,0,0,0)	(2,130010,0)	0	0
87400315	武功	TalentIcon18	0	(1,0,0,0)	(2,130011,0)	0	0
87400316	武功	TalentIcon18	0	(1,0,0,0)	(2,130012,0)	0	0
87400317	武功	TalentIcon18	0	(1,0,0,0)	(2,130013,0)	0	0
87400318	武功	TalentIcon18	0	(1,0,0,0)	(2,130014,0)	0	0
87400319	武功	TalentIcon18	0	(1,0,0,0)	(2,130015,0)	0	0
87400320	武功	TalentIcon18	0	(1,0,0,0)	(2,130016,0)	0	0
87400321	武功	TalentIcon18	0	(1,0,0,0)	(2,140001,0)	0	0
87400322	武功	TalentIcon18	0	(1,0,0,0)	(2,140002,0)	0	0
87400323	武功	TalentIcon18	0	(1,0,0,0)	(2,140003,0)	0	0
87400324	武功	TalentIcon18	0	(1,0,0,0)	(2,140004,0)	0	0
87400325	武功	TalentIcon18	0	(1,0,0,0)	(2,140005,0)	0	0
87400326	武功	TalentIcon18	0	(1,0,0,0)	(2,140006,0)	0	0
87400327	武功	TalentIcon18	0	(1,0,0,0)	(2,140007,0)	0	0
87400328	武功	TalentIcon18	0	(1,0,0,0)	(2,140008,0)	0	0
87400329	武功	TalentIcon18	0	(1,0,0,0)	(2,140009,0)	0	0
87400330	武功	TalentIcon18	0	(1,0,0,0)	(2,140010,0)	0	0
87400331	武功	TalentIcon18	0	(1,0,0,0)	(2,140011,0)	0	0
87400332	武功	TalentIcon18	0	(1,0,0,0)	(2,140012,0)	0	0
87400333	武功	TalentIcon18	0	(1,0,0,0)	(2,140013,0)	0	0
87400334	武功	TalentIcon18	0	(1,0,0,0)	(2,140014,0)	0	0
87400335	武功	TalentIcon18	0	(1,0,0,0)	(2,140015,0)	0	0
87400336	武功	TalentIcon18	0	(1,0,0,0)	(2,140016,0)	0	0
87400337	武功	TalentIcon18	0	(1,0,0,0)	(2,140017,0)	0	0
87400338	武功	TalentIcon18	0	(1,0,0,0)	(2,140018,0)	0	0
87400339	武功	TalentIcon18	0	(1,0,0,0)	(2,140019,0)	0	0
87400340	武功	TalentIcon18	0	(1,0,0,0)	(2,140020,0)	0	0
87400341	武功	TalentIcon18	0	(1,0,0,0)	(2,140021,0)	0	0
87400342	武功	TalentIcon18	0	(1,0,0,0)	(2,140022,0)	0	0
87400343	武功	TalentIcon18	0	(1,0,0,0)	(2,140024,0)	0	0
87400344	武功	TalentIcon18	0	(1,0,0,0)	(2,140025,0)	0	0
87400345	武功	TalentIcon18	0	(1,0,0,0)	(2,140026,0)	0	0
87400346	武功	TalentIcon18	0	(1,0,0,0)	(2,140027,0)	0	0
87400347	武功	TalentIcon18	0	(1,0,0,0)	(2,140028,0)	0	0
87400348	武功	TalentIcon18	0	(1,0,0,0)	(2,140029,0)	0	0
87400349	武功	TalentIcon18	0	(1,0,0,0)	(2,140031,0)	0	0
87400350	武功	TalentIcon18	0	(1,0,0,0)	(2,140032,0)	0	0
87400351	武功	TalentIcon18	0	(1,0,0,0)	(2,140033,0)	0	0
87400352	武功	TalentIcon18	0	(1,0,0,0)	(2,140034,0)	0	0
87400353	武功	TalentIcon18	0	(1,0,0,0)	(2,140035,0)	0	0
87400354	武功	TalentIcon18	0	(1,0,0,0)	(2,140036,0)	0	0
87400355	武功	TalentIcon18	0	(1,0,0,0)	(2,140037,0)	0	0
87400356	武功	TalentIcon18	0	(1,0,0,0)	(2,140038,0)	0	0
87400357	武功	TalentIcon18	0	(1,0,0,0)	(2,140039,0)	0	0
87400358	武功	TalentIcon18	0	(1,0,0,0)	(2,140040,0)	0	0
87400359	武功	TalentIcon18	0	(1,0,0,0)	(2,140041,0)	0	0
87400360	武功	TalentIcon18	0	(1,0,0,0)	(2,140042,0)	0	0
87400361	武功	TalentIcon18	0	(1,0,0,0)	(2,140048,0)	0	0
87400362	武功	TalentIcon18	0	(1,0,0,0)	(2,140049,0)	0	0
87400363	武功	TalentIcon18	0	(1,0,0,0)	(2,140050,0)	0	0
87400364	武功	TalentIcon18	0	(1,0,0,0)	(2,140051,0)	0	0
87400365	武功	TalentIcon18	0	(1,0,0,0)	(2,140052,0)	0	0
87400366	武功	TalentIcon18	0	(1,0,0,0)	(2,140053,0)	0	0
87400367	武功	TalentIcon18	0	(1,0,0,0)	(2,140054,0)	0	0
87400368	武功	TalentIcon18	0	(1,0,0,0)	(2,140055,0)	0	0
87400369	武功	TalentIcon18	0	(1,0,0,0)	(2,140056,0)	0	0
87400370	武功	TalentIcon18	0	(1,0,0,0)	(2,140057,0)	0	0
87400371	武功	TalentIcon18	0	(1,0,0,0)	(2,140059,0)	0	0
87400372	武功	TalentIcon18	0	(1,0,0,0)	(2,140060,0)	0	0
87400373	武功	TalentIcon18	0	(1,0,0,0)	(2,140061,0)	0	0
87400374	武功	TalentIcon18	0	(1,0,0,0)	(2,140064,0)	0	0
87400375	武功	TalentIcon18	0	(1,0,0,0)	(2,140065,0)	0	0
87400376	武功	TalentIcon18	0	(1,0,0,0)	(2,140066,0)	0	0
87400377	武功	TalentIcon18	0	(1,0,0,0)	(2,140067,0)	0	0
87400378	武功	TalentIcon18	0	(1,0,0,0)	(2,140068,0)	0	0
87400379	武功	TalentIcon18	0	(1,0,0,0)	(2,140069,0)	0	0
87400380	武功	TalentIcon18	0	(1,0,0,0)	(2,140070,0)	0	0
87400381	武功	TalentIcon18	0	(1,0,0,0)	(2,140071,0)	0	0
87400382	武功	TalentIcon18	0	(1,0,0,0)	(2,140072,0)	0	0
87400383	武功	TalentIcon18	0	(1,0,0,0)	(2,140073,0)	0	0
87400384	武功	TalentIcon18	0	(1,0,0,0)	(2,140074,0)	0	0
87400385	武功	TalentIcon18	0	(1,0,0,0)	(2,140079,0)	0	0
87400386	武功	TalentIcon18	0	(1,0,0,0)	(2,140080,0)	0	0
87400387	武功	TalentIcon18	0	(1,0,0,0)	(2,140082,0)	0	0
87400388	武功	TalentIcon18	0	(1,0,0,0)	(2,140083,0)	0	0
87400389	武功	TalentIcon18	0	(1,0,0,0)	(2,140084,0)	0	0
87400390	武功	TalentIcon18	0	(1,0,0,0)	(2,140085,0)	0	0
87400391	武功	TalentIcon18	0	(1,0,0,0)	(2,140086,0)	0	0
87400392	武功	TalentIcon18	0	(1,0,0,0)	(2,140087,0)	0	0
87400393	武功	TalentIcon18	0	(1,0,0,0)	(2,140088,0)	0	0
87400394	武功	TalentIcon18	0	(1,0,0,0)	(2,140089,0)	0	0
87400395	武功	TalentIcon18	0	(1,0,0,0)	(2,140090,0)	0	0
87400396	武功	TalentIcon18	0	(1,0,0,0)	(2,140091,0)	0	0
87400397	武功	TalentIcon18	0	(1,0,0,0)	(2,140092,0)	0	0
87400398	武功	TalentIcon18	0	(1,0,0,0)	(2,140093,0)	0	0
87400399	武功	TalentIcon18	0	(1,0,0,0)	(2,140100,0)	0	0
87400400	武功	TalentIcon18	0	(1,0,0,0)	(2,140101,0)	0	0
87400401	武功	TalentIcon18	0	(1,0,0,0)	(2,140102,0)	0	0
87400402	武功	TalentIcon18	0	(1,0,0,0)	(2,140106,0)	0	0
87400403	武功	TalentIcon18	0	(1,0,0,0)	(2,140107,0)	0	0
87400404	武功	TalentIcon18	0	(1,0,0,0)	(2,140108,0)	0	0
87400405	武功	TalentIcon18	0	(1,0,0,0)	(2,140109,0)	0	0
87400406	武功	TalentIcon18	0	(1,0,0,0)	(2,140111,0)	0	0
87400407	武功	TalentIcon18	0	(1,0,0,0)	(2,140112,0)	0	0
87400408	武功	TalentIcon18	0	(1,0,0,0)	(2,140113,0)	0	0
87400409	武功	TalentIcon18	0	(1,0,0,0)	(2,140114,0)	0	0
87400410	武功	TalentIcon18	0	(1,0,0,0)	(2,140115,0)	0	0
87400411	武功	TalentIcon18	0	(1,0,0,0)	(2,140116,0)	0	0
87400412	武功	TalentIcon18	0	(1,0,0,0)	(2,140118,0)	0	0
87400413	武功	TalentIcon18	0	(1,0,0,0)	(2,140119,0)	0	0
87400414	武功	TalentIcon18	0	(1,0,0,0)	(2,140121,0)	0	0
87400415	武功	TalentIcon18	0	(1,0,0,0)	(2,140122,0)	0	0
87400416	武功	TalentIcon18	0	(1,0,0,0)	(2,140123,0)	0	0
87400417	武功	TalentIcon18	0	(1,0,0,0)	(2,140124,0)	0	0
87400418	武功	TalentIcon18	0	(1,0,0,0)	(2,140125,0)	0	0
87400419	武功	TalentIcon18	0	(1,0,0,0)	(2,140126,0)	0	0
87400420	武功	TalentIcon18	0	(1,0,0,0)	(2,140127,0)	0	0
87400421	武功	TalentIcon18	0	(1,0,0,0)	(2,140128,0)	0	0
87400422	武功	TalentIcon18	0	(1,0,0,0)	(2,140129,0)	0	0
87400423	武功	TalentIcon18	0	(1,0,0,0)	(2,140130,0)	0	0
87400424	武功	TalentIcon18	0	(1,0,0,0)	(2,140131,0)	0	0
87400425	武功	TalentIcon18	0	(1,0,0,0)	(2,140132,0)	0	0
87400426	武功	TalentIcon18	0	(1,0,0,0)	(2,140133,0)	0	0
87400427	武功	TalentIcon18	0	(1,0,0,0)	(2,140134,0)	0	0
87400428	武功	TalentIcon18	0	(1,0,0,0)	(2,140137,0)	0	0
87400429	武功	TalentIcon18	0	(1,0,0,0)	(2,140138,0)	0	0
87400430	武功	TalentIcon18	0	(1,0,0,0)	(2,140140,0)	0	0
87400431	武功	TalentIcon18	0	(1,0,0,0)	(2,140141,0)	0	0
87400432	武功	TalentIcon18	0	(1,0,0,0)	(2,140142,0)	0	0
87400433	武功	TalentIcon18	0	(1,0,0,0)	(2,140143,0)	0	0
87400434	武功	TalentIcon18	0	(1,0,0,0)	(2,140144,0)	0	0
87400435	武功	TalentIcon18	0	(1,0,0,0)	(2,140145,0)	0	0
87400436	武功	TalentIcon18	0	(1,0,0,0)	(2,140146,0)	0	0
87400437	武功	TalentIcon18	0	(1,0,0,0)	(2,140147,0)	0	0
87400438	武功	TalentIcon18	0	(1,0,0,0)	(2,140148,0)	0	0
87400439	武功	TalentIcon18	0	(1,0,0,0)	(2,140149,0)	0	0
87400440	武功	TalentIcon18	0	(1,0,0,0)	(2,140150,0)	0	0
87400441	武功	TalentIcon18	0	(1,0,0,0)	(2,140151,0)	0	0
87400442	武功	TalentIcon18	0	(1,0,0,0)	(2,140152,0)	0	0
87400443	武功	TalentIcon18	0	(1,0,0,0)	(2,140153,0)	0	0
87400444	武功	TalentIcon18	0	(1,0,0,0)	(2,140154,0)	0	0
87400445	武功	TalentIcon18	0	(1,0,0,0)	(2,140155,0)	0	0
87400446	武功	TalentIcon18	0	(1,0,0,0)	(2,140156,0)	0	0
87400447	武功	TalentIcon18	0	(1,0,0,0)	(2,140157,0)	0	0
87400448	武功	TalentIcon18	0	(1,0,0,0)	(2,140158,0)	0	0
87400449	武功	TalentIcon18	0	(1,0,0,0)	(2,140159,0)	0	0
87400450	武功	TalentIcon18	0	(1,0,0,0)	(2,140161,0)	0	0
87400451	武功	TalentIcon18	0	(1,0,0,0)	(2,140167,0)	0	0
87400452	武功	TalentIcon18	0	(1,0,0,0)	(2,140168,0)	0	0
87400453	武功	TalentIcon18	0	(1,0,0,0)	(2,140169,0)	0	0
87400454	武功	TalentIcon18	0	(1,0,0,0)	(2,140170,0)	0	0
87400455	武功	TalentIcon18	0	(1,0,0,0)	(2,140171,0)	0	0
87400456	武功	TalentIcon18	0	(1,0,0,0)	(2,140172,0)	0	0
87400457	武功	TalentIcon18	0	(1,0,0,0)	(2,140173,0)	0	0
87400458	武功	TalentIcon18	0	(1,0,0,0)	(2,140174,0)	0	0
87400459	武功	TalentIcon18	0	(1,0,0,0)	(2,140175,0)	0	0
87400460	武功	TalentIcon18	0	(1,0,0,0)	(2,140176,0)	0	0
87400461	武功	TalentIcon18	0	(1,0,0,0)	(2,140177,0)	0	0
87400462	武功	TalentIcon18	0	(1,0,0,0)	(2,140178,0)	0	0
87400463	武功	TalentIcon18	0	(1,0,0,0)	(2,140179,0)	0	0
87400464	武功	TalentIcon18	0	(1,0,0,0)	(2,140182,0)	0	0
87400465	武功	TalentIcon18	0	(1,0,0,0)	(2,140189,0)	0	0
87400466	武功	TalentIcon18	0	(1,0,0,0)	(2,140196,0)	0	0
87400467	武功	TalentIcon18	0	(1,0,0,0)	(2,140197,0)	0	0
87400468	武功	TalentIcon18	0	(1,0,0,0)	(2,140198,0)	0	0
87400469	武功	TalentIcon18	0	(1,0,0,0)	(2,140199,0)	0	0
87400470	武功	TalentIcon18	0	(1,0,0,0)	(2,870101,0)	0	0
87400471	武功	TalentIcon18	0	(1,0,0,0)	(2,870102,0)	0	0
87400472	武功	TalentIcon18	0	(1,0,0,0)	(2,870103,0)	0	0
87400473	武功	TalentIcon18	0	(1,0,0,0)	(2,870104,0)	0	0
87400474	武功	TalentIcon18	0	(1,0,0,0)	(2,870105,0)	0	0
87400475	武功	TalentIcon18	0	(1,0,0,0)	(2,870106,0)	0	0
87400476	武功	TalentIcon18	0	(1,0,0,0)	(2,870107,0)	0	0
87400477	武功	TalentIcon18	0	(1,0,0,0)	(2,870108,0)	0	0
87400478	武功	TalentIcon18	0	(1,0,0,0)	(2,870109,0)	0	0
87400479	武功	TalentIcon18	0	(1,0,0,0)	(2,870113,0)	0	0
87400480	武功	TalentIcon18	0	(1,0,0,0)	(2,870201,0)	0	0
87400481	武功	TalentIcon18	0	(1,0,0,0)	(2,870202,0)	0	0
87400482	武功	TalentIcon18	0	(1,0,0,0)	(2,870203,0)	0	0
87400483	武功	TalentIcon18	0	(1,0,0,0)	(2,870205,0)	0	0
87400484	武功	TalentIcon18	0	(1,0,0,0)	(2,870206,0)	0	0
87400485	武功	TalentIcon18	0	(1,0,0,0)	(2,870207,0)	0	0
87400486	武功	TalentIcon18	0	(1,0,0,0)	(2,870209,0)	0	0
87400487	武功	TalentIcon18	0	(1,0,0,0)	(2,870211,0)	0	0
87400488	武功	TalentIcon18	0	(1,0,0,0)	(2,870212,0)	0	0
87400489	武功	TalentIcon18	0	(1,0,0,0)	(2,870304,0)	0	0
87400490	武功	TalentIcon18	0	(1,0,0,0)	(2,870305,0)	0	0
87400491	武功	TalentIcon18	0	(1,0,0,0)	(2,870307,0)	0	0
87400492	武功	TalentIcon18	0	(1,0,0,0)	(2,870310,0)	0	0
87400493	武功	TalentIcon18	0	(1,0,0,0)	(2,870311,0)	0	0
87400494	武功	TalentIcon18	0	(1,0,0,0)	(2,870312,0)	0	0
87400495	武功	TalentIcon18	0	(1,0,0,0)	(2,870401,0)	0	0
87400496	武功	TalentIcon18	0	(1,0,0,0)	(2,870402,0)	0	0
87400497	武功	TalentIcon18	0	(1,0,0,0)	(2,870403,0)	0	0
87400498	武功	TalentIcon18	0	(1,0,0,0)	(2,870404,0)	0	0
87400499	武功	TalentIcon18	0	(1,0,0,0)	(2,870405,0)	0	0
87400500	武功	TalentIcon18	0	(1,0,0,0)	(2,870406,0)	0	0
87400501	武功	TalentIcon18	0	(1,0,0,0)	(2,870407,0)	0	0
87400502	武功	TalentIcon18	0	(1,0,0,0)	(2,870408,0)	0	0
87400503	武功	TalentIcon18	0	(1,0,0,0)	(2,870410,0)	0	0
87400504	武功	TalentIcon18	0	(1,0,0,0)	(2,870412,0)	0	0
87400505	武功	TalentIcon18	0	(1,0,0,0)	(2,870501,0)	0	0
87400506	武功	TalentIcon18	0	(1,0,0,0)	(2,870502,0)	0	0
87400507	武功	TalentIcon18	0	(1,0,0,0)	(2,870504,0)	0	0
87400508	武功	TalentIcon18	0	(1,0,0,0)	(2,870505,0)	0	0
87400509	武功	TalentIcon18	0	(1,0,0,0)	(2,870506,0)	0	0
87400510	武功	TalentIcon18	0	(1,0,0,0)	(2,870507,0)	0	0
87400511	武功	TalentIcon18	0	(1,0,0,0)	(2,870508,0)	0	0
87400512	武功	TalentIcon18	0	(1,0,0,0)	(2,870509,0)	0	0
87400513	武功	TalentIcon18	0	(1,0,0,0)	(2,870510,0)	0	0
87400514	武功	TalentIcon18	0	(1,0,0,0)	(2,870511,0)	0	0
87400515	武功	TalentIcon18	0	(1,0,0,0)	(2,870601,0)	0	0
87400516	武功	TalentIcon18	0	(1,0,0,0)	(2,870602,0)	0	0
87400517	武功	TalentIcon18	0	(1,0,0,0)	(2,870606,0)	0	0
87400518	武功	TalentIcon18	0	(1,0,0,0)	(2,870608,0)	0	0
87400519	武功	TalentIcon18	0	(1,0,0,0)	(2,870610,0)	0	0
87400520	武功	TalentIcon18	0	(1,0,0,0)	(2,870611,0)	0	0
87400521	武功	TalentIcon18	0	(1,0,0,0)	(2,870612,0)	0	0
87400522	武功	TalentIcon18	0	(1,0,0,0)	(2,870701,0)	0	0
87400523	武功	TalentIcon18	0	(1,0,0,0)	(2,870702,0)	0	0
87400524	武功	TalentIcon18	0	(1,0,0,0)	(2,870703,0)	0	0
87400525	武功	TalentIcon18	0	(1,0,0,0)	(2,870705,0)	0	0
87400526	武功	TalentIcon18	0	(1,0,0,0)	(2,870706,0)	0	0
87400527	武功	TalentIcon18	0	(1,0,0,0)	(2,870707,0)	0	0
87400528	武功	TalentIcon18	0	(1,0,0,0)	(2,870708,0)	0	0
87400529	武功	TalentIcon18	0	(1,0,0,0)	(2,870709,0)	0	0
87400530	武功	TalentIcon18	0	(1,0,0,0)	(2,870710,0)	0	0
87400531	武功	TalentIcon18	0	(1,0,0,0)	(2,870712,0)	0	0
87400532	武功	TalentIcon18	0	(1,0,0,0)	(2,870801,0)	0	0
87400533	武功	TalentIcon18	0	(1,0,0,0)	(2,870802,0)	0	0
87400534	武功	TalentIcon18	0	(1,0,0,0)	(2,870804,0)	0	0
87400535	武功	TalentIcon18	0	(1,0,0,0)	(2,870805,0)	0	0
87400536	武功	TalentIcon18	0	(1,0,0,0)	(2,870806,0)	0	0
87400537	武功	TalentIcon18	0	(1,0,0,0)	(2,870808,0)	0	0
87400538	武功	TalentIcon18	0	(1,0,0,0)	(2,870809,0)	0	0
87400539	武功	TalentIcon18	0	(1,0,0,0)	(2,870810,0)	0	0
87400540	武功	TalentIcon18	0	(1,0,0,0)	(2,870812,0)	0	0
87400541	武功	TalentIcon18	0	(1,0,0,0)	(2,871002,0)	0	0
87400542	武功	TalentIcon18	0	(1,0,0,0)	(2,871003,0)	0	0
87400543	武功	TalentIcon18	0	(1,0,0,0)	(2,871004,0)	0	0
87400544	武功	TalentIcon18	0	(1,0,0,0)	(2,871006,0)	0	0
87400545	武功	TalentIcon18	0	(1,0,0,0)	(2,871007,0)	0	0
87400546	武功	TalentIcon18	0	(1,0,0,0)	(2,871008,0)	0	0
87400547	武功	TalentIcon18	0	(1,0,0,0)	(2,871009,0)	0	0
87400548	武功	TalentIcon18	0	(1,0,0,0)	(2,871024,0)	0	0
87400549	武功	TalentIcon18	0	(1,0,0,0)	(2,871080,0)	0	0
87400550	武功	TalentIcon18	0	(1,0,0,0)	(2,871081,0)	0	0
87400551	武功	TalentIcon18	0	(1,0,0,0)	(2,871083,0)	0	0
87400552	武功	TalentIcon18	0	(1,0,0,0)	(2,871084,0)	0	0
87400553	武功	TalentIcon18	0	(1,0,0,0)	(2,871086,0)	0	0
87400554	武功	TalentIcon18	0	(1,0,0,0)	(2,871088,0)	0	0
87400555	武功	TalentIcon18	0	(1,0,0,0)	(2,871090,0)	0	0
87400556	武功	TalentIcon18	0	(1,0,0,0)	(2,871091,0)	0	0
87400557	武功	TalentIcon18	0	(1,0,0,0)	(2,871092,0)	0	0
87400558	武功	TalentIcon18	0	(1,0,0,0)	(2,871093,0)	0	0
87400559	武功	TalentIcon18	0	(1,0,0,0)	(2,871094,0)	0	0
87400560	武功	TalentIcon18	0	(1,0,0,0)	(2,871095,0)	0	0
87400561	武功	TalentIcon18	0	(1,0,0,0)	(2,871096,0)	0	0
87400562	武功	TalentIcon18	0	(1,0,0,0)	(2,871097,0)	0	0
87400563	武功	TalentIcon18	0	(1,0,0,0)	(2,871098,0)	0	0
87400564	武功	TalentIcon18	0	(1,0,0,0)	(2,871099,0)	0	0
87400565	武功	TalentIcon18	0	(1,0,0,0)	(2,871100,0)	0	0
87400566	武功	TalentIcon18	0	(1,0,0,0)	(2,871105,0)	0	0
87400567	武功	TalentIcon18	0	(1,0,0,0)	(2,871106,0)	0	0
87400568	武功	TalentIcon18	0	(1,0,0,0)	(2,871107,0)	0	0