#物品编号	物品名称	物品类别	物品种类	道具图示	物品描述(最多50字=10*5)断行要用<br>	买入价格	卖出价格	商店数量	堆栈数量上限	可否使用	使用时机	是否永久性增加	作用类型	参数	数值	讯息编号	作用类型	参数	数值	讯息编号	作用类型	参数	数值	讯息编号	使用物品时呼叫字符串 (显示名称用)	技艺书连结	武器类型	限制NPC	使用条件	装备tip	贩卖禁止
#iItemID	sItemName	iTtemType	iItemKind	sIcon	sTip	iItemBuy	iItemSell	iItemStack	iMixStack	iItemUse	iUseTime	iAddType	iRecover1	iArg1	iValue1	iString	iRecover2	iArg2	iValue2	iString	iRecover2	iArg3	iValue3	iString	iString	iAmsType	iLocking	sNpcLike	sUseLimit	tip	sell
100004	阴阳倒乱刃	1	0	i00642	相传为绝情谷主的独门武器，阴阳相辅，倒乱乾坤，端的是天下奇兵。	24000	6000	0	0	1	1	0	1	99	260	180001	7	900113	0	0	0	0	0	0	0	2	0	210002	(1,21,55)*(1,22,55)*(1,13,70)	荆棘专属武器	0
140001	逍遥散	4	0	i00742	恢复气血七百五、内力五百，解除负向状态一个。	200	100	2	0	1	2	1	8	0	750	0	9	0	500	0	18	0	1	0	0	0	0	0	0	0	0
140002	再造膏	4	0	i00802	恢复气血一千五、恢复内力一千五。	600	300	2	0	1	2	1	8	0	1500	0	9	0	1500	0	0	0	0	0	0	0	0	0	0	0	0
140003	承气散	4	0	i00739	恢复气血三千、内力两千。	1000	500	2	0	1	2	1	8	0	3000	0	9	0	2000	0	0	0	0	0	0	0	0	0	0	0	0
140004	黑玉断续膏	4	0	i00761	恢复气血五千，恢复内力四千，解除负向状态四个。	3500	1750	2	0	1	2	1	8	0	5000	0	9	0	4000	0	0	0	0	0	0	0	0	0	0	0	0
140005	天香断续胶	4	0	i00755	恢复气血八千，恢复内力六千，解除所有负向状态。	5000	2500	2	0	1	2	1	8	0	8000	0	9	0	6000	0	0	0	0	0	0	0	0	0	0	0	0
140006	三顺散	4	0	i00828	恢复气血三成，内力三成，解除负向状态三个。	1000	500	2	0	1	2	1	16	0	30	0	17	0	30	0	18	0	3	0	0	0	0	0	0	0	0
140007	双冲饮	4	0	i00809	恢复气血四成，内力六成。	1500	750	2	0	1	2	1	16	0	40	0	17	0	60	0	0	0	0	0	0	0	0	0	0	0	0
140008	三黄宝腊丹	4	0	i00733	恢复气血五成，内力七成。	2000	1000	2	0	1	2	1	16	0	50	0	17	0	70	0	0	0	0	0	0	0	0	0	0	0	0
140009	田七鲨胆散	4	0	i00732	恢复气血六成，内力六成，解负向状态二个。	3000	1500	2	0	1	2	1	16	0	60	0	17	0	60	0	18	0	2	0	0	0	0	0	0	0	0
140010	茯苓首乌丸	4	0	i00811	恢复气血八成，内力八成，解负向状态四个。	4000	2000	2	0	1	2	1	16	0	80	0	17	0	80	0	18	0	4	0	0	0	0	0	0	0	0
140011	九花玉露丸	4	0	i00738	恢复气血四成，内力回满。	2500	1250	2	0	1	2	1	16	0	40	0	17	0	100	0	0	0	0	0	0	0	0	0	0	0	0
140012	九转还魂丹	4	0	i00753	可以将气血与内力恢复到全满，解除所有负向状态。	6000	3000	2	0	1	2	1	16	0	100	0	17	0	100	0	18	0	20	0	0	0	0	0	0	0	0
140013	牛黄血竭丹	4	0	i00800	恢复气血三成并解除两个负向状态，三回合内每回合解除两个负向状态。	2500	1250	2	0	1	2	1	18	0	2	0	7	100133	0	0	0	0	0	0	0	0	0	0	0	0	0
140014	通犀地龙丸	4	0	i00810	恢复气血二成并解除四个负向状态，三回合内每回合解除四个负向状态。	4500	2250	2	0	1	2	1	18	0	3	0	7	100133	0	0	0	0	0	0	0	0	0	0	0	0	0
140015	玉蜂浆	4	0	i00737	一种雪白如玉的蜜蜂所产的蜂蜜，芬芳清香，服用后可回复内力四成，并获得辟毒状态。	2000	1000	2	0	1	2	0	17	0	40	0	7	500093	0	0	0	0	0	0	0	0	0	0	0	0	0
140016	青龙散	4	0	i00806	青龙散的功能可以提高暴击率、提高命中。	3000	1500	2	0	1	2	0	7	500033	0	0	7	500056	0	0	0	0	0	0	0	0	0	0	0	0	0
140017	黑蚂蚁升精丸	4	0	i00441	由秘医丘伯所研制的秘药，吃了以后力大无穷，精神无比！可以大幅度提高攻击与防御力。<br>食用效果：三回合内，输出提升20%，减伤20%	5000	2500	2	0	1	2	0	7	910036	0	0	0	0	0	0	0	0	0	0	0	0	0	0	0	0	0
140100	大王蛇胆	4	0	i00087	提高内力最大值一百五	2000	1000	2	0	1	1	1	1	3	150	0	0	0	0	0	0	0	0	0	0	0	0	0	0	0	0
140101	怪鲶鱼	4	0	i00072	提高气血最大值四百	500	250	2	0	1	1	1	1	1	400	0	0	0	0	0	0	0	0	0	0	0	0	0	0	0	0
140102	十全大补丹	4	0	i00308	提高气血最大值一百五，内力最大值一百五	6000	3000	2	0	1	1	1	1	1	150	0	1	3	150	0	0	0	0	0	0	0	0	0	0	0	0
140103	千年人参	4	0	i00734	提高气血最大值一百、内力最大值三百	10000	5000	2	0	1	1	1	1	1	100	0	1	3	300	0	0	0	0	0	0	0	0	0	0	0	0
140104	神鱼	4	0	i00070	提高气血最大值两百，内力最大值两百	500	250	2	0	1	1	1	1	1	200	0	1	3	200	0	0	0	0	0	0	0	0	0	0	0	0
140105	草鱼	4	0	i00066	因生性食草而得名，为常见的溪流鱼类。	200	100	2	0	1	1	1	1	1	20	0	0	0	0	0	0	0	0	0	0	0	0	0	0	0	0
140106	青鱼	4	0	i00067	因生长速度快的大型鱼类，鱼体近黑色，喜欢躲在急流下的岩石后，或深水区。	350	175	2	0	1	1	1	1	1	30	0	0	0	0	0	0	0	0	0	0	0	0	0	0	0	0
140107	鲤鱼	4	0	i00068	在鱼类中属好动型，喜跃出水面蹦跳，民间自古就有鲤跃龙门的传说。	800	400	2	0	1	1	1	1	1	30	0	1	3	10	0	0	0	0	0	0	0	0	0	0	0	0
140108	虹鲤	4	0	i00069	鲤鱼中非常稀有的品种，在太阳光底下，散发出耀眼的光芒。	5000	2500	2	0	1	1	1	1	1	100	0	1	3	100	0	0	0	0	0	0	0	0	0	0	0	0
140109	神鱼	4	0	i00070	传说中的神鱼，色彩炫丽耀眼，肉质肥美，是少见的补品。	10000	5000	2	0	1	1	1	1	1	200	0	1	3	200	0	0	0	0	0	0	0	0	0	0	0	0
140110	鲫鱼	4	0	i00071	属杂食性鱼，一般用蚯蚓做饵即可。	1000	500	2	0	1	1	1	1	1	40	0	0	0	0	0	0	0	0	0	0	0	0	0	0	0	0
140111	怪鲶鱼	4	0	i00072	鱼中贵族，必需在良好的水质中才可存活。因其肉质鲜嫩甜美又极为稀有，故非常珍贵。	10000	5000	2	0	1	1	1	1	1	400	0	0	0	0	0	0	0	0	0	0	0	0	0	0	0	0
140112	鲢鱼	4	0	i00526	栖息于江河、水库及湖泊的上层水域，性急躁，善跳跃。属杂食性，以浮游藻类及有机碎屑为食。	2000	1000	2	0	1	1	1	1	1	50	0	1	56	3	0	0	0	0	0	0	0	0	0	0	0	0
140113	鳙鱼	4	0	i00527	鳙鱼具有洄游习性，平时多生活在有一定流速的水中。	2000	1000	2	0	1	1	1	1	1	50	0	1	57	3	0	0	0	0	0	0	0	0	0	0	0	0
140114	鳜鱼	4	0	i00527	一般生活在水草茂盛的静水或缓流中，冬季往往游到深水越冬。	2000	1000	2	0	1	1	1	1	1	50	0	1	45	5	0	0	0	0	0	0	0	0	0	0	0	0
140115	螃蟹	4	0	i00445	多数生长于海中，但也有生活于淡水或陆地上，不少人使用其食材来制作可口的料理。	4000	2000	2	0	1	1	1	1	1	10	0	1	52	1	0	0	0	0	0	0	0	0	0	0	0	0
140116	红魽	4	0	i00526	红魽身上有一条黄线，黄线周围的鳞片有着明亮光泽，相当美丽；鱼体富含脂肪，适合制成生鱼片。	4000	2000	2	0	1	1	1	1	1	10	0	1	53	1	0	0	0	0	0	0	0	0	0	0	0	0
140117	石斑	4	0	i00528	石斑鱼体型肥厚，嘴巴宽大，生活在较温暖的海域，肉质鲜嫩，清蒸手法料理最佳。	2000	1000	2	0	1	1	1	1	1	50	0	1	44	5	0	0	0	0	0	0	0	0	0	0	0	0
140118	乌鱼	4	0	i00067	乌鱼对海水温度特别敏感，一到冬天便会成群南下，到较温暖海域产卵，用其鱼卵腌渍制成的乌鱼子，更是人间美味。	4000	2000	2	0	1	1	1	1	1	10	0	1	51	1	0	0	0	0	0	0	0	0	0	0	0	0
140200	西湖醋鱼	4	1	i00494	此菜为名厨宋嫂所研发，以吐净泥沙的西湖草鱼，用三四分火侯烫烤，抹上糖醋而成。外酥内透，清新酸甜。<br>食用效果：回复气血15%，持续三回合	500	250	2	0	1	2	0	7	910037	0	0	0	0	0	0	0	0	0	0	0	0	0	0	0	0	0
140201	道口烧鸡	4	1	i00097	状如元宝为型绝﹔抹以蜂蜜，烹炸着色为色绝﹔以八味作料佐以陈年老汤为味绝﹔火候到家为熟烂之绝。<br>食用效果：五回合内，反击时恢复20%气血	500	250	2	0	1	2	0	7	910038	0	0	0	0	0	0	0	0	0	0	0	0	0	0	0	0	0
140202	龙井虾仁	4	1	i00495	将清明节前采下的龙井新茶的嫩叶与清河虾仁一起烹调，而制成此具新茶清香与虾仁甘美的菜肴。<br>食用效果：回复内力10%，持续五回合	500	250	2	0	1	2	0	7	910039	0	0	0	0	0	0	0	0	0	0	0	0	0	0	0	0	0
140203	叫化子鸡	4	1	i00496	要做此菜需将鸡的内脏除去并填入多种佐料，用猪油、荷叶、箬壳分层包裹、扎紧，再涂上黄泥，最后放入火中煨烤而成。<br>食用效果：回复气血10%，持续五回合	500	250	2	0	1	2	0	7	910040	0	0	0	0	0	0	0	0	0	0	0	0	0	0	0	0	0
140204	东坡肉	4	1	i00497	由苏轼发明。用皮薄肉嫩的上选五花猪肉，加入精酿的绍兴黄酒，以小火焖烧而成。<br>食用效果：五回合内，暴击时恢复20%气血	500	250	2	0	1	2	0	7	910041	0	0	0	0	0	0	0	0	0	0	0	0	0	0	0	0	0
140205	开水白菜	4	1	i00498	以鸡汤熬煮新鲜的白菜心，鸡汤乃以慢火熬煮数时辰之浓郁汤头。<br>食用效果：三回合内，每回合固定清除自身负向状态一个	500	250	2	0	1	2	0	7	910043	0	0	0	0	0	0	0	0	0	0	0	0	0	0	0	0	0
140206	蜜汁火腿	4	1	i00524	将金华火腿用温水洗净，放于锅中沸水以小火熬煮去掉重咸味。<br>食用效果：回复内力15%，持续三回合	500	250	2	0	1	2	0	7	910044	0	0	0	0	0	0	0	0	0	0	0	0	0	0	0	0	0
140207	人参鸡汤	4	1	i00812	营养丰富的鸡汤，是十分温补的食物，适合冬令进补。<br>食用效果：四回合内，固定恢复8%气血8%内力	500	250	2	0	1	2	0	7	910045	0	0	0	0	0	0	0	0	0	0	0	0	0	0	0	0	0
140208	阎家羊肉汤	4	1	i00099	调料配置适当，汤味鲜美，闻名豫西城乡。<br>食用效果：五回合内，闪避时恢复20%气血	500	250	2	0	1	2	0	7	910046	0	0	0	0	0	0	0	0	0	0	0	0	0	0	0	0	0
140209	鲤鱼焙面	4	1	i00095	产自洛阳的地道鲤鱼，配上入味的焙面，香嫩可口。<br>食用效果：四回合内绝对命中	500	250	2	0	1	2	0	7	910047	0	0	0	0	0	0	0	0	0	0	0	0	0	0	0	0	0
140210	麻婆豆腐	4	1	i00075	成都名菜，洋溢着年芙蓉对夏侯飞的心意。可不要嘴馋偷吃了！使用可提高气血最大值50	500	250	2	0	1	1	1	1	1	50	0	0	0	0	0	0	0	0	0	0	0	0	0	0	0	0
140211	肉包子	4	1	i00442	香喷喷的肉包，又大又好吃。<br>食用效果：恢复气血30%	100	50	2	0	1	2	0	16	0	30	0	0	0	0	0	0	0	0	0	0	0	0	0	0	0	0
140212	咸鱼	4	1	i00616	又臭又咸又干，怎么会有人喜欢吃它的。<br>食用效果：持续恢复气血5%、内力10%	50	25	2	0	1	2	0	7	500057	0	0	0	0	0	0	0	0	0	0	0	0	0	0	0	0	0
140213	小白豆浆	4	1	i00096	驰名洛阳的豆浆，香、浓、醇。<br>食用效果：恢复气血30%	100	50	2	0	1	2	0	16	0	30	0	0	0	0	0	0	0	0	0	0	0	0	0	0	0	0
140214	夫妻肺片	4	1	i00499	以牛杂、猪杂切成薄片，用酱油、红油、辣椒、花椒等佐料卤煮或凉拌做成的料理。吃来麻辣鲜香，非常下饭。<br>食用效果：暴击率增加10%，持续五回合	500	250	2	0	1	2	0	7	910114	0	0	0	0	0	0	0	0	0	0	0	0	0	0	0	0	0
140215	三丝敲鱼	4	1	i00525	炒锅中放入清汤，放进鱼片，菜心，精盐，料酒，烧开后加入香菇丝，熟鸡脯丝，熟火腿丝，淋上熟鸡油即可。<br>食用效果：反击率增加10%，持续五回合	500	250	2	0	1	2	0	7	910112	0	0	0	0	0	0	0	0	0	0	0	0	0	0	0	0	0
140216	洛阳燕菜	4	1	i00098	又名伪燕菜，金枝玉叶。划萝卜为牡丹，佐以山珍海味烹调成羹，味道香美爽口。<br>食用效果：闪避率增加10%，持续五回合	500	250	2	0	1	2	0	7	910113	0	0	0	0	0	0	0	0	0	0	0	0	0	0	0	0	0
140217	担担面	4	1	i00619	四川的特产小吃，得名于挑担叫卖的传统。其面条细滑，主要佐料有红辣椒油、肉末、蒜末和葱花等，口味油香麻辣，相当适口。<br>食用效果：防御力增加10%，持续五回合	500	250	2	0	1	2	0	7	910150	0	0	0	0	0	0	0	0	0	0	0	0	0	0	0	0	0
140218	桂圆红枣鸡汤	4	1	i00423	用最肥嫩上等的放山鸡，搭配桂圆、红枣等佐料炖煮的鸡汤。馥郁浓厚，味甘性温，具有补中益气的效果。<br>食用效果：提高内力最大值30	500	250	2	0	1	1	1	1	3	30	0	0	0	0	0	0	0	0	0	0	0	0	0	0	0	0
140219	回锅肉	4	1	i00623	中国川菜中一种烹调猪肉的传统菜式，被誉为「川菜之王」<br>食用效果：六回合内，固定恢复6%气血6%内力	500	250	2	0	1	2	0	7	910115	0	0	0	0	0	0	0	0	0	0	0	0	0	0	0	0	0
140220	白菜	4	1	i00074	又称「包心白菜」，性寒，可生食，耐储存；一般人家常见的食用蔬菜，口感爽脆，清甜解热。	10	5	2	0	1	1	1	1	1	10	0	1	3	10	0	0	0	0	0	0	0	0	0	0	0	0
140221	爆米花	4	1	i00834	又称「爆谷」，玉米在加热后，膨胀成像花一般的样子；外表酥脆、口感松软，吃了会让人心情非常愉悦。<br>食用效果：15%机率攻击两次，持续三回合	100	50	2	0	1	2	0	7	910197	0	0	0	0	0	0	0	0	0	0	0	0	0	0	0	0	0
140222	葡萄美酒	4	2	i00136	来自西域的葡萄美酒，似血一般鲜红的颜色，还有那醺人的葡萄香气，使你魂牵梦萦。	600	300	2	0	1	2	0	7	987177	0	0	0	0	0	0	0	0	0	0	0	0	0	0	0	0	1
140223	五粮液	4	2	i00125	以高粱、糯米、大米、玉米、小麦为原料所酿，故名。<br>五回合内，反击时回复25%内力	600	300	2	0	1	2	0	7	910154	0	0	7	910161	0	0	0	0	0	0	0	0	0	0	0	0	0
140224	宝丰酒	4	2	i00121	产地为河南宝丰，属清香型大曲白酒，此酒又称莲花酒。<br>五回合内，暴击时回复25%内力	600	300	2	0	1	2	0	7	910155	0	0	7	910162	0	0	0	0	0	0	0	0	0	0	0	0	0
140225	杜康酒	4	2	i00118	传统名酒，传说杜康为酿酒鼻祖。此酒清冽透明，柔润芳香，甘绵香醇，回味悠长。<br>五回合内，固定回复12%内力	600	300	2	0	1	2	0	7	910156	0	0	7	910163	0	0	0	0	0	0	0	0	0	0	0	0	0
140226	即墨老酒	4	2	i00122	以崂山墨水河畔所产黍稷酿造，有适筋骨入骨髓，健胃补脾之功效。<br>防御力增加15%，持续五回合	600	300	2	0	1	2	0	7	910151	0	0	7	910157	0	0	0	0	0	0	0	0	0	0	0	0	0
140227	汾酒	4	2	i00119	山西汾阳杏花村的水质极好，故此酒以甘泉佳酿著称。<br>攻击力增加15%，持续五回合	600	300	2	0	1	2	0	7	910152	0	0	7	910158	0	0	0	0	0	0	0	0	0	0	0	0	0
140228	西凤酒	4	2	i00120	陜西美酒，唐代国宴时的重要用酒。苏轼曾吟此酒为花开美酒喝不醉。<br>暴击率增加15%，持续五回合	600	300	2	0	1	2	0	7	910153	0	0	7	910159	0	0	0	0	0	0	0	0	0	0	0	0	0
140229	五宝花蜜酒	4	2	i00128	由多种毒虫及花草所酿制的美酒，酒水中飘浮着毒虫，让人望而生畏。<br>食用效果：得到噬气状态并免疫中毒	600	300	2	0	1	2	0	7	500093	0	0	7	500023	0	0	0	0	0	0	0	0	0	0	0	0	0
140230	大红袍	4	0	i00103	茶中状元，茶中之王。母树生长于福建武夷山天心岩九龙窠的高岩峭壁之上，数量很少。香气馥郁，滋味清远，色金黄明艳，可谓仙品。	300	150	2	0	1	1	1	1	1	20	0	0	0	0	0	0	0	0	0	0	0	0	0	0	0	0
140231	半山妖	4	0	i00111	传说为白鹞衔茶子吐于峰顶而生，原名半天鹞；由于茶树生长于地势险奇之处，人们戏称为半空中的妖怪，故又名为半山妖。其味清幽，以奇取胜。	300	150	2	0	1	1	1	1	3	20	0	0	0	0	0	0	0	0	0	0	0	0	0	0	0	0
140232	老鼠肉	4	0	i00743	被啃过的老鼠肉，十分可怕的东西。吃下去不知道会造成什么恐怖的后果......	2	1	2	0	1	2	0	7	900092	0	0	7	910075	0	0	0	0	0	0	0	0	0	0	0	0	0
140233	虎鞭	4	0	i00089	珍贵补品，可强化气血、内力。	2000	1000	2	0	1	1	1	1	1	60	0	1	3	30	0	0	0	0	0	0	0	0	0	0	0	0
140234	熊掌	4	0	i00083	珍贵补品，可强化气血、内力。	2000	1000	2	0	1	1	1	1	1	70	0	1	3	20	0	0	0	0	0	0	0	0	0	0	0	0
140235	熊胆	4	0	i00088	珍贵补品，可强化气血、内力。	2000	1000	2	0	1	1	1	1	1	20	0	1	3	70	0	0	0	0	0	0	0	0	0	0	0	0
140236	蛇胆	4	0	i00087	珍贵补品，可强化气血、内力。	600	300	2	0	1	1	1	1	1	10	0	1	3	40	0	0	0	0	0	0	0	0	0	0	0	0
140300	粗布拳套	1	0	i00724	简单的麻布手套，几无防御力可言。	300	150	2	0	1	1	0	1	99	50	180002	0	0	0	0	0	0	0	0	0	4	0	0	0	0	0
140301	皮手套	1	0	i00725	以兽皮所缝制之手套，套住手掌与指关节，可露出半截手指，活动自如。	1200	600	2	0	1	1	0	1	99	100	180002	0	0	0	0	0	0	0	0	0	4	0	0	0	0	0
140302	离魂金线缠	1	0	i00403	武林人士专用的特制拳套，虽然名为金线，实则是多种金属交错编织而成，防护性颇高。	2000	1000	2	0	1	1	0	1	99	200	180002	1	41	5	0	1	42	5	0	0	4	0	0	0	0	0
140303	天蚕丝手套	1	0	i00641	以天蚕丝混合银丝、乌金等编制而成，柔韧而坚实，寻常刀剑皆伤它不得。	5000	2500	2	0	1	1	0	1	99	350	180002	1	41	10	0	1	42	10	0	0	4	0	0	0	0	0
140304	金丝手套	1	0	i00404	以金蚕丝织成的手套，薄如蝉翼，宝刀利剑不能破，防护性极佳。	14000	7000	2	0	1	1	0	1	99	500	180002	1	41	20	0	1	42	20	0	0	4	0	0	0	0	0
140305	萃毒指	1	0	i00793	以青铜所制的指爪，内有沟槽可暗藏毒药。	6300	3150	2	0	1	1	0	1	99	350	180006	7	910048	0	0	0	0	0	0	0	4	0	0	0	0	0
140306	鹿革手套	1	0	i00726	高级鹿皮所制，坚韧耐用，深受富豪人家喜爱，价格高昂。	2000	1000	2	0	1	1	0	1	99	200	180002	1	1	250	0	0	0	0	0	0	4	0	0	0	0	0
140307	铁手套	1	0	i00625	铁制的拳套，稍嫌笨重，但有不错的防护力。	2500	1250	2	0	1	1	0	1	99	300	180002	1	1	350	0	0	0	0	0	0	4	0	0	0	0	0
140308	精钢拳套	1	0	i00792	以百炼精钢制成的拳套，虽然防护力、破坏力皆强，但相当沉重，会降低配戴者的灵活度。	7500	3750	2	0	1	1	0	1	99	400	180002	1	1	450	0	0	0	0	0	0	4	0	0	0	0	0
140309	玄铁手套	1	0	i00706	多处以天外玄铁补强，可谓攻防一体的至高杰作。唯一缺陷便是由于采用了玄铁，而非常沉重。内力深厚者方能运用自如。	15000	7500	2	0	1	1	0	1	99	550	180002	1	1	600	0	7	987139	0	0	0	4	0	0	0	0	0
140310	惊鸿靴	1	0	i00608	以奇异珍禽之皮所制，坚韧柔软，刀剑难伤。踝侧有羽翼状的装饰，故此得名。	2000	1000	2	0	1	1	0	1	99	200	180017	1	41	10	0	1	42	10	0	0	4	0	0	0	0	0
140311	银狐飞絮	1	0	i00639	银白色的长靴，轻灵柔韧，兼而有之。	5000	2500	2	0	1	1	0	1	99	350	180017	1	4	2	0	1	51	15	0	0	4	0	0	0	0	0
140312	虎步龙行	1	0	i00728	以白虎与巨鳄两大猛兽的皮做成的护腿，兼具活动性与防御。	14000	7000	2	0	1	1	0	1	99	500	180017	1	4	1	0	7	987142	0	0	0	4	0	0	0	0	0
140313	紫蝶绣鞋	1	0	i00606	绣有一对紫蝶的绣花鞋，鞋底暗藏刀刃，可弹出伤敌。	3600	1800	2	0	1	1	0	1	99	150	180017	7	987176	0	0	0	0	0	0	0	4	0	0	0	0	0
140400	单刀	1	0	i00715	江湖人士常用的基本刀款，打铁铺常见的兵器。	300	150	2	0	1	1	0	1	99	50	180003	0	0	0	0	0	0	0	0	0	2	0	0	0	0	0
140401	环柄刀	1	0	i00719	汉代军队常用的刀剑，由一块钢铁直接打成，单刃直身，又称环首剑、环首刀。	1200	600	2	0	1	1	0	1	99	100	180003	0	0	0	0	0	0	0	0	0	2	0	0	0	0	0
140402	苗族弯刀	1	0	i00784	苗人所用的弯刀，形如月牙，平日多用于劈开藤蔓。	2000	1000	2	0	1	1	0	1	99	130	180003	1	51	10	0	0	0	0	0	0	2	0	0	0	0	0
140403	雁翎刀	1	0	i00699	单刀中的快刀，质轻且锐利无匹。	2200	1100	2	0	1	1	0	1	99	120	180003	1	52	10	0	0	0	0	0	0	2	0	0	0	0	0
140404	圆月弯刀	1	0	i00346	游牧民族爱用的轻灵弯刀。刀形如月，善于切削而非劈砍。	2100	1050	2	0	1	1	0	1	99	140	180003	1	53	10	0	0	0	0	0	0	2	0	0	0	0	0
140405	霹雳刀	1	0	i00776	霹雳堂精工打造的制式单刀，表层度上了一层铜，显得金光灿然。	3200	1600	2	0	1	1	0	1	99	230	180003	7	910117	0	0	1	53	5	0	0	2	0	0	0	0	0
140406	银口九齿刀	1	0	i00773	精钢所造的砍刀，刀背有九个缺口，可锁拿敌方兵器。	3500	1750	2	0	1	1	0	1	99	250	180003	1	41	10	0	1	42	10	0	0	2	0	0	0	0	0
140407	鬼头刀	1	0	i00775	刀柄处雕有鬼头，刀背有一缺口，背厚面阔，分量笨重，适于劈砍，故常用于刑场斩首时使用。	4200	2100	2	0	1	1	0	1	99	300	180003	0	0	0	0	0	0	0	0	0	2	0	0	0	0	0
140408	龙鳞宝刀	1	0	i00718	使用西域精钢和工法，由于经过多次折迭锻打和焠火，刀身上的纹路近似于龙鳞，故而得名。	5600	2800	2	0	1	1	0	1	99	360	180003	0	0	0	0	0	0	0	0	0	2	0	0	0	0	0
140409	百辟刀	1	0	i00781	古代宝刀之名，相传为魏武王曹操所制，取其意以辟不祥。	6200	3100	2	0	1	1	0	1	99	280	180003	1	56	50	0	1	57	50	0	0	2	0	0	0	0	0
140410	菊一文字．无铭	1	0	i00774	相传为一文字则宗生前所锻造的最后一柄太刀。刀刃极薄，不适于格挡，使刀者必须具备一击必杀的高超功夫。	7200	3600	2	0	1	1	0	1	99	330	180007	1	51	15	0	0	0	0	0	0	2	0	0	0	0	0
140411	三日月．无铭	1	0	i00786	出自日本平安时代刀匠三条宗近之手的太刀，丝毫不逊于号称天下五剑的三日月宗近。	7400	3700	2	0	1	1	0	1	99	350	180007	1	52	15	0	0	0	0	0	0	2	0	0	0	0	0
140412	村正	1	0	i00778	出自伊势桑名地区的村正一族，异常锋锐。分类为打刀，比太刀更适于劈砍，充满不详的妖气。	7600	3800	2	0	1	1	0	1	99	330	180007	1	53	15	0	0	0	0	0	0	2	0	0	0	0	0
140413	血饮	1	0	i00777	上古异金所铸造之刀，会吸食鲜血，故所伤人命越多，刀越显腥红。	9600	4800	2	0	1	1	0	1	99	450	180005	7	500023	0	0	7	500024	0	0	0	2	0	0	0	0	0
140414	太皇刀	1	0	i00365	传说为鸿蒙以来第一刀，为盘古开天所用之刃，刀一出鞘，其他刀便低头自断。	12000	6000	2	0	1	1	0	1	99	750	180003	0	0	0	0	0	0	0	0	0	2	0	0	0	0	0
140415	阎罗	1	0	i00772	精钢混合玄铁锻造的刀，刀形特殊，重量极沉。	15000	7500	2	0	1	1	0	1	99	520	180004	7	987140	0	0	0	0	0	0	0	2	0	0	0	0	0
140416	玄铁刀	1	0	i00701	由天外玄铁所铸造而成，极其沉重，内力深厚者，方能运用自如。	13000	6500	2	0	1	1	0	1	99	650	180003	7	987139	0	0	0	0	0	0	0	2	0	0	0	0	0
140500	铁剑	1	0	i00326	江湖人士常用的基本长剑，随便一家打铁铺都能打造。	100	50	2	0	1	1	0	1	99	120	180008	0	0	0	0	0	0	0	0	0	1	0	0	0	0	0
140501	冰心	1	0	i00721	通体雪白耀眼，造型极美，不似兵刃。但其实是由上好钢材所锻造。由于水盼盼出身佛门，此剑未开封。	2500	1250	2	0	1	1	0	1	99	200	180008	1	57	8	0	1	56	8	0	0	1	0	0	0	0	1
140502	白晶剑	1	0	i00779	铸剑山庄的三大名剑之一，任浩然已传给其子任剑南。	3000	1500	2	0	1	1	0	1	99	270	180008	7	910201	0	0	0	0	0	0	0	1	0	0	0	0	1
140503	盘月剑	1	0	i00337	剑身极软，但韧性极高，不用时可系于腰间上。	2000	1000	2	0	1	1	0	1	99	140	180008	1	43	15	0	1	44	15	0	0	1	0	0	0	0	0
140504	天羽剑	1	0	i00787	何傲天昔年惯用之剑其一。近于软剑，搭配轻灵多变的剑法可得相辅相成之效。	2000	1000	2	0	1	1	0	1	99	160	180008	1	51	5	0	0	0	0	0	0	1	0	0	0	0	0
140505	太极剑	1	0	i00338	武当派二代掌门的配剑。此剑遵奉昔年张三丰真人的教诲，仅剑尖开锋。	2500	1250	2	0	1	1	0	1	99	190	180008	1	52	10	0	0	0	0	0	0	1	0	0	0	0	0
140506	龙渊剑	1	0	i00330	以名匠欧冶子、干将合铸之龙渊剑为根骨，试图重现其临渊见龙之威势。	2000	1000	2	0	1	1	0	1	99	220	180008	0	0	0	0	0	0	0	0	0	1	0	0	0	0	0
140507	巨阙剑	1	0	i00331	最早为名匠欧冶子所铸之巨剑，工法独特，能削金断玉，攻防一体，无坚不摧。	2500	1250	2	0	1	1	0	1	99	265	180008	0	0	0	0	0	0	0	0	0	1	0	0	0	0	0
140508	湛卢剑	1	0	i00332	名匠欧冶子为越王允常所铸之剑，历三年而成。此剑通体墨黑深邃，是其最大特征。	2500	1250	2	0	1	1	0	1	99	265	180008	0	0	0	0	0	0	0	0	0	1	0	0	0	0	0
140509	九真剑	1	0	i00329	以金银铜铁锡五金合制，为道教法器，有神奇威力。	3500	1750	2	0	1	1	0	1	99	240	180008	1	21	10	0	0	0	0	0	0	1	0	0	0	0	0
140510	镇岳	1	0	i00765	多用于战阵之上的巨剑，与其说是靠剑刃伤敌，不如说是靠重量辗压对手。	2500	1250	2	0	1	1	0	1	99	350	180008	7	910200	0	0	0	0	0	0	0	1	0	0	0	0	0
140511	龙脊剑	1	0	i00769	来历不明的奇剑，状如脊骨，难以御使。有博学者称此为蛮夷部族用于巫蛊的仪式用剑。	3000	1500	2	0	1	1	0	1	99	250	180008	7	500167	0	0	0	0	0	0	0	1	0	0	0	0	0
140512	太虚剑	1	0	i00343	黄石老人所铸，此剑看似厚重，实轻而无量，明心见性，入太虚之中。	3000	1500	2	0	1	1	0	1	99	320	180008	0	0	0	0	0	0	0	0	0	1	0	0	0	0	0
140513	撼天古剑	1	0	i00717	几乎等同成年男子身高的巨剑。据传出自先秦时代，令人难以想象当年是如何锻造此剑。	4000	2000	2	0	1	1	0	1	99	370	180008	1	4	-1	0	0	0	0	0	0	1	0	0	0	0	0
140514	玄铁重剑	1	0	i00700	由天外玄铁所铸造而成，外观黝黑不起眼。极其沉重，内力深厚者方能运用自如，传说前朝神鵰大侠曾持之纵横江湖。	5000	2500	2	0	1	1	0	1	99	485	180008	1	4	-1	0	7	910109	0	0	0	1	0	0	0	0	0
140515	辟邪	1	0	i00768	铸剑山庄所铸的神兵利器，原本是作为某位武林前辈的陪葬品……	4500	2250	2	0	1	1	0	1	99	300	180008	1	55	30	0	0	0	0	0	0	1	0	0	0	0	0
140516	殇瑶	1	0	i00716	做工粗糙，甚至可以说是拙劣，但却锋芒隐露，散发出不祥的气息...	4500	2250	2	0	1	1	0	1	99	320	180008	7	500161	0	0	0	0	0	0	0	1	0	0	0	0	0
140517	紫薇软剑	1	0	i00770	独孤求败三十岁前所用之剑，剑身奇软，锋锐无匹，剑柄上用金丝盘着两个篆文，乃是紫薇二字。	4500	2250	2	0	1	1	0	1	99	250	180008	1	21	15	0	1	41	25	0	0	1	0	0	0	0	0
140518	琼华剑	1	0	i00764	铸剑山庄为燕宇打造的宝剑。剑身散发出来的光芒，有如玉石般温润。	2000	1000	2	0	1	1	0	1	99	195	180008	7	910097	0	0	0	0	0	0	0	1	0	0	0	0	1
140519	传家宝剑	1	0	i00323	天剑门小师弟的家传宝剑，锋利异常，但拿在手上总觉得哪里不对劲。	250	125	2	0	1	1	0	1	99	100	180008	0	0	0	0	0	0	0	0	0	1	0	0	0	0	0
140520	含光剑	1	0	i00335	传说中殷商皇帝为统治天下所用的三把名剑之一。	3500	1750	2	0	1	1	0	1	99	300	180008	7	910202	0	0	0	0	0	0	0	1	0	0	0	0	0
140521	白虹剑	1	0	i00333	剑身修长，剑刃雪亮，通体成雪白色，曼妙之极。	1250	625	2	0	1	1	0	1	99	140	180008	0	0	0	0	0	0	0	0	0	1	0	0	0	0	0
140522	倚天剑	1	0	i00831	百年前由一武林前辈以玄铁与西方玄金所造，后因故断为两截，水盼盼取回后托铸剑山庄庄主任浩然重铸，虽锋锐不减，却较先前为重。	5000	2500	2	0	1	1	0	1	99	410	180008	7	910203	0	0	0	0	0	0	0	1	0	0	0	0	0
140523	清风剑	1	0	i00332	任浩然早年所铸之剑，比一般长剑更长，剑身飘逸，使人有如沐春风之感。	1500	750	2	0	1	1	0	1	99	165	180008	1	21	3	0	0	0	0	0	0	1	0	0	0	0	0
140524	弦箫剑	1	0	i00782	血槽镂空，中有一弦，可凭自身高超琴艺在一根弦上弹出五音。剑柄中空且长，可做玉箫吹奏。	2500	1250	2	0	1	1	0	1	99	200	180014	7	500173	0	0	7	500174	0	0	0	1	0	0	0	0	0
140600	木棍	1	0	i00372	以木头制成的长型兵器。	300	150	2	0	1	1	0	1	99	110	180009	1	51	10	0	0	0	0	0	0	8	0	0	0	0	0
140601	齐眉棍	1	0	i00373	全棍以黄蜡杆制成，杆质坚硬，弹性佳，棍身长度与眉毛同高，故称齐眉。	1500	750	2	0	1	1	0	1	99	200	180009	1	52	10	0	0	0	0	0	0	8	0	0	0	0	0
140602	烧火棍	1	0	i00374	用来翻动炕或灶中柴火的铁棍，过于沉重，基本上不适合当成兵刃使用。	4500	2250	2	0	1	1	0	1	99	300	180009	7	987145	0	0	0	0	0	0	0	8	0	0	0	0	0
140603	升龙棍	1	0	i00381	此棍两端呈龙头形，使用起来有如真龙护体，轻灵奇巧，内刚外柔。	7000	3500	2	0	1	1	0	1	99	400	180009	7	100019	0	0	0	0	0	0	0	8	0	0	0	0	0
140604	定海神针	1	0	i00789	谣传为孙悟空自龙宫夺来之物。孙悟空随三藏法师证道后，此棍便遗留在人间。	8500	4250	2	0	1	1	0	1	99	500	180009	7	987146	0	0	0	0	0	0	0	8	0	0	0	0	0
140605	玄铁棍	1	0	i00702	由天外玄铁所铸造而成，极其沉重，内力深厚者，方能运用自如。	15000	7500	2	0	1	1	0	1	99	600	180009	1	1	650	0	7	987139	0	0	0	8	0	0	0	0	0
140606	铁铲	1	0	i00020	挖掘用的铁铲，勉强可做为长兵器使用。	400	200	2	0	1	1	0	1	99	150	180009	7	987148	0	0	0	0	0	0	0	8	0	0	0	0	0
140607	双刃长刀	1	0	i00360	两端皆带有刀刃的长兵器，需要长时间的练习才不会伤到自己。	5000	2500	2	0	1	1	0	1	99	300	180009	7	500015	8	0	0	0	0	0	0	8	0	0	0	0	0
140608	涯角枪	1	0	i00788	枪身上有隶书书就「海角天涯无对」六字，乃是三国名将赵云曾经用过的名枪。	5000	2500	2	0	1	1	0	1	99	250	180019	7	500199	0	0	1	53	10	0	0	8	0	0	0	0	0
140609	牛头叉	1	0	i00515	铁叉部阿傍的成名兵器，由钨金千锤百炼锻造而成，无坚不摧，挡者披靡。	6000	3000	2	0	1	1	0	1	99	450	180009	7	987150	0	0	0	0	0	0	0	8	0	0	0	0	0
140610	疯魔杖	1	0	i00378	传为水浒传中鲁智深所用武具。一旦装备，狂性大发，见血方休。	15000	7500	2	0	1	1	0	1	99	750	180009	7	987151	0	0	0	0	0	0	0	8	0	0	0	0	0
140700	木钗	1	0	i00819	木制的钗子，极其脆弱，但若是手劲运用得当，亦有惊人的杀伤力。	300	150	2	0	1	1	0	1	99	50	180012	1	53	10	0	0	0	0	0	0	3	0	0	0	0	0
140701	飞蝗石	1	0	i00383	经过削尖锐利化后的普通石子，特点在于随处可得，加工容易。	300	150	2	0	1	1	0	1	99	50	180012	7	500052	0	0	0	0	0	0	0	3	0	0	0	0	0
140702	金钱镖	1	0	i00382	经过加固后的铜钱，功力深厚者掷出后亦有穿金碎石之力。	1000	500	2	0	1	1	0	1	99	120	180010	1	53	5	0	7	500052	0	0	0	3	0	0	0	0	0
140703	金针	1	0	i00817	即寻常大夫所用的金针，危急时亦可作为暗器使用。	1500	750	2	0	1	1	0	1	99	120	180012	7	987153	0	0	0	0	0	0	0	3	0	0	0	0	0
140704	飞刀	1	0	i00366	单刃，刀背成直线，无刀脊，较柳叶飞刀为大，传说是当年小李他妈用过的飞刀，可增加暴击机率	2000	1000	2	0	1	1	0	1	99	150	180010	1	53	15	0	0	0	0	0	0	3	0	0	0	0	0
140705	神剑镖	1	0	i00758	外型如剑的飞镖，据说是某个亡佚的门派擅用的暗器。	3000	1500	2	0	1	1	0	1	99	150	180010	7	987154	0	0	0	0	0	0	0	3	0	0	0	0	0
140706	雷震天	1	0	i00727	出于西域，类似霹雳堂的霹雳雷火弹，但杀伤力略逊一筹。	7500	3750	2	0	1	1	0	1	99	300	180010	7	987155	0	0	0	0	0	0	0	3	0	0	0	0	0
140707	朱玉金簪	1	0	i00185	镶着朱玉的金簪，然而材质实为精钢所铸，兼俱了美观、隐蔽以及强大的杀伤力。	8000	4000	2	0	1	1	0	1	99	250	180010	1	53	20	0	0	0	0	0	0	3	0	0	0	0	0
140708	水晶棋具	1	0	i00260	水晶制成的棋具，坚固异常，除了不易损坏之外，用来作为暗器的杀伤力和隐蔽性也十分足够。	8500	4250	2	0	1	1	0	1	99	250	180010	7	987157	0	0	0	0	0	0	0	3	0	0	0	0	0
140709	暴雨梨花	1	0	i00384	匣中暗藏二十七枚银针，一经拨动，会瞬间疾射出全数银针。号称出必见血、暗器之王。	7500	3750	2	0	1	1	0	1	99	280	180010	7	987158	0	0	0	0	0	0	0	3	0	0	0	0	0
140710	离火玄冰镖	1	0	i00386	兵器谱中失传已久的暗器，由玄冰、离火，两种截然不同的材质锻造而成，中者或如烈焰焚身、或如寒冰封脉，威力非常强大。	8000	4000	2	0	1	1	0	1	99	300	180010	7	900027	0	0	7	900028	0	0	0	3	0	0	0	0	0
140711	凤羽飞翎	1	0	i00846	六扇门著名暗器，尾端红羽的配置，箭尖的形状，皆有极细微的讲究，飞出时寂静无声，入体时可透骨三分。	15000	7500	2	0	1	1	0	1	99	500	180010	1	53	30	0	0	0	0	0	0	3	0	0	0	0	0
140712	十六串吕	1	0	i00723	与普通苦无无异，黑冢罗王可一口气连续掷出十六柄，故而得名。	15000	7500	2	0	1	1	0	1	99	400	180010	7	100119	0	0	0	0	0	0	0	3	0	0	0	0	0
140713	孔雀翎	1	0	i00791	孔雀翎发出来的时候，美丽得像孔雀开屏一样，灿烂辉煌。然而，就在你看得目瞪口呆时，它已经要了你的性命。	15000	7500	2	0	1	1	0	1	99	600	180010	7	900102	0	0	0	0	0	0	0	3	0	0	0	0	0
140800	笞鞭	1	0	i00379	寻常人家常用于鞭打家仆的皮鞭，娴熟者亦能用来束缚目标。	300	150	2	0	1	1	0	1	99	150	180013	1	52	5	0	7	100127	0	0	0	6	0	0	0	0	0
140801	绿竹钓钩	1	0	i00023	绿竹制的钓竿，在娴熟软索的武人手中亦能成为一门厉害兵刃。	300	150	2	0	1	1	0	1	99	150	180013	1	53	5	0	7	500028	0	0	0	6	0	0	0	0	0
140802	多节鞭	1	0	i00849	以锁链拆分成多节的铁鞭，在精通软索者手中能够使出千百种变化。	5000	2500	2	0	1	1	0	1	99	300	180013	7	500052	0	0	0	0	0	0	0	6	0	0	0	0	0
140803	蝎尾鞭	1	0	i00644	奇门兵刃，鞭上不仅全是细刺倒钩，还含有剧毒。	9000	4500	2	0	1	1	0	1	99	450	180013	7	910189	0	0	0	0	0	0	0	6	0	0	0	0	0
140804	勾魂索	1	0	i00796	索上不但镶有磁石，可轻易夺人兵刃，上头还满是倒钩，轻轻一扫便会卡进肉中，一旦目标想要挣脱必会皮开肉绽，鲜血直流，只能乖乖任其摆布。	14000	7000	2	0	1	1	0	1	99	600	180013	7	987162	0	0	0	0	0	0	0	6	0	0	0	0	0
140900	铁匕	1	0	i00322	易于随身携带的短兵刃，因其良好的隐蔽性和决定性的杀伤力，常被作为刺杀用武器。	300	150	2	0	1	1	0	1	99	150	180018	7	500200	0	0	0	0	0	0	0	7	0	0	0	0	0
140901	大铁锤	1	0	i00823	非常笨重的大铁锤，但同时也拥有强大的破坏力。	1500	750	2	0	1	1	0	1	99	200	180018	7	987145	0	0	0	0	0	0	0	7	0	0	0	0	0
140902	判官笔	1	0	i00512	镔铁所铸的短兵刃，专攻目标穴道，所谓一寸短，一寸险，使用此兵器时注重迅速进攻，一击脱离。	2000	1000	2	0	1	1	0	1	99	170	180018	7	987163	0	0	0	0	0	0	0	7	0	0	0	0	0
140903	碧箫笔	1	0	i00513	通体碧绿作玉箫形，以坚玉打造，触手温润。挥舞时会发出美妙声音。	4000	2000	2	0	1	1	0	1	99	300	180018	7	987164	0	0	0	0	0	0	0	7	0	0	0	0	0
140904	紫晶笔	1	0	i00514	分为三节，可出其不意攻敌，带连击状态。	4000	2000	2	0	1	1	0	1	99	350	180018	7	500052	0	0	0	0	0	0	0	7	0	0	0	0	0
140905	钢爪笔	1	0	i00850	笔端为钢爪形，可将敌人拉近，并使之流血。	8500	4250	2	0	1	1	0	1	99	370	180018	7	987165	0	0	0	0	0	0	0	7	0	0	0	0	0
140906	护手双钩	1	0	i00713	南方奇门兵刃，善于截击挡架，夺人兵刃亦不费吹灰之力。	8500	4250	2	0	1	1	0	1	99	400	180018	7	987166	0	0	0	0	0	0	0	7	0	0	0	0	0
140907	鹤嘴	1	0	i00763	型似鹤嘴的药锄，专用以采收根系极深的药材。	8500	4250	2	0	1	1	0	1	99	300	180009	7	987169	0	0	0	0	0	0	0	7	0	0	0	0	0
140908	江亭谈古	1	0	i00645	唐伯虎亲手所绘之扇，墨色淋漓，山势雄峻，石质坚峭，扇骨使用某无名海岛的特产｢珊瑚金｣制成，称得上是兵中至宝。	13000	6500	2	0	1	1	0	1	99	400	180018	7	987170	0	0	0	0	0	0	0	7	0	0	0	0	0
140909	日月双轮	1	0	i00605	奇门兵器，形制为佛门法轮，但轮外遍布利齿。	14000	7000	2	0	1	1	0	1	99	500	180015	7	500015	0	0	0	0	0	0	0	7	0	0	0	0	0
140910	如椽巨笔	1	0	i00704	判官成名兵刃，精钢所铸，状似江湖上常见之判官笔，然而大小却大了数倍，直如一根巨棒，挥舞之时，虎虎生风，无坚不摧。	12000	6000	2	0	1	1	0	1	99	550	180018	1	1	2000	0	0	0	0	0	0	7	0	0	0	0	0
140911	众星拱辰	1	0	i00837	一端为圆球状的双锤，圆球上有星辰之像，能随时间倒映星辰，铸造材质不明，但不论重量和破坏力都极为惊人。	15000	7500	2	0	1	1	0	1	99	650	180018	7	987171	0	0	0	0	0	0	0	7	0	0	0	0	0
141000	粗布背心	2	0	i00387	寻常百姓穿着的粗布背心，虽然没有多少防御能力，但透气耐穿，很受农民们欢迎。	500	250	2	0	1	1	0	1	1	100	0	1	45	10	0	0	0	0	0	0	0	0	0	0	0	0
141001	藤甲	2	0	i00388	以特殊藤条编制而成，可防御轻量兵器、软兵器。	1500	750	2	0	1	1	0	1	1	200	0	1	42	10	0	1	43	10	0	0	0	0	0	0	0	0
141002	布衣	2	0	i00400	寻常的布衣，没有甚么特别的，仅有基础的御寒作用。	1000	500	2	0	1	1	0	1	1	150	0	0	0	0	0	0	0	0	0	0	0	0	0	0	0	0
141003	皇图	2	0	i00393	以上等蜀锦缝制而成，质地精细、华丽，是有钱公子哥儿的象征。	2500	1250	2	0	1	1	0	1	1	300	0	1	56	50	0	0	0	0	0	0	0	0	0	0	0	0
141004	绫罗衫	2	0	i00609	绫罗绸缎制成的华服，看上去高贵而华美，穿起来十分舒适。	3500	1750	2	0	1	1	0	1	1	450	0	1	52	5	0	0	0	0	0	0	0	0	99	0	0	0
141005	无常衫	2	0	i00610	让寒暄都吹成风，让重逢全做成梦。来让所有遗憾，沦为所谓遗忘，应了那句无常。	3000	1500	2	0	1	1	0	1	1	350	0	1	57	50	0	0	0	0	0	0	0	0	99	0	0	0
141006	血玲珑	2	0	i00611	暴露、冷艳又充满危险的诱惑，是一种跨时代的设计理念。	7000	3500	2	0	1	1	0	1	1	600	0	7	910101	0	0	7	910100	0	0	0	0	0	99	0	0	0
141007	金铃白绸	2	0	i00612	白衣兮兮，有若出尘仙子，衣带上的铃铛在行动时会发出悦耳的声响。	9000	4500	2	0	1	1	0	1	1	750	0	7	910103	0	0	0	0	0	0	0	0	0	99	0	0	0
141008	铁甲	2	0	i00390	以铁片缝制而成的冑甲，多为战场士兵所穿。	4000	2000	2	0	1	1	0	1	1	420	0	1	51	-5	0	0	0	0	0	0	0	0	0	0	0	0
141009	金蚕宝衣	2	0	i00391	以上等天蚕丝与黄金精铸而成的宝甲，有着十分不俗的防护力，价格也十分惊人。	15000	7500	2	0	1	1	0	1	1	1200	0	7	500151	0	0	0	0	0	0	0	0	0	0	0	0	0
141010	明光甲	2	0	i00392	在铁甲前胸部位放置两面护心镜，加强防护。	5000	2500	2	0	1	1	0	1	1	500	0	0	0	0	0	0	0	0	0	0	0	0	0	0	0	0
141011	正气甲	2	0	i00394	传闻为宋代大将岳飞死前所穿战甲，充满浩然正气。	7500	3750	2	0	1	1	0	1	1	600	0	7	500150	0	0	0	0	0	0	0	0	0	0	0	0	0
141012	金刚甲	2	0	i00395	相传为怒目金刚所有，看似沉重，实则轻盈几无重量。	11000	5500	2	0	1	1	0	1	1	950	0	0	0	0	0	0	0	0	0	0	0	0	0	0	0	0
141013	炼神甲	2	0	i00396	将邪之子，炼神所制之甲，刀枪不入，水火不侵。	12000	6000	2	0	1	1	0	1	1	1200	0	0	0	0	0	0	0	0	0	0	0	0	0	0	0	0
141014	五色甲	2	0	i00397	甲上有五色，相传为女娲补天所用之五色石所制，具有神秘力量。	15000	7500	2	0	1	1	0	1	1	900	0	7	910102	0	0	0	0	0	0	0	0	0	0	0	0	0
141015	黑天	2	0	i00398	全套漆黑，光滑无比。	4500	2250	2	0	1	1	0	1	1	480	0	0	0	0	0	0	0	0	0	0	0	0	0	0	0	0
141016	霹雳宝甲	2	0	i00399	全由麟甲制成，具有优越防御力及活动性。	13000	6500	2	0	1	1	0	1	1	1600	0	0	0	0	0	0	0	0	0	0	0	0	0	0	0	0
141017	软猬甲	2	0	i00613	据说是当年桃花岛东邪所张罗的宝物。非但刀枪不入，还满布倒钩，若敌人以肉掌相击，必为其所伤，被称为天下第一护甲。	15000	7500	2	0	1	1	0	1	1	1100	0	7	500153	0	0	0	0	0	0	0	0	0	0	0	0	0
141018	虎鲨劲装	2	0	i00638	全套使用鲨鱼皮制成，柔韧异常，滑溜无比。	1250	625	2	0	1	1	0	1	1	150	0	1	51	10	0	0	0	0	0	0	0	0	0	0	0	0
141019	乌蚕背心	2	0	i00624	以乌蚕丝编织而成的背心，质地轻软坚韧，可抵御内劲冲击。	15000	7500	2	0	1	1	0	1	1	800	0	7	500152	0	0	0	0	0	0	0	0	0	0	0	0	0
141100	玉鸟纹佩	3	0	i00402	玉有象征君子美德之意，玉佩上雕刻之花纹，常具有古老的图腾意义，此玉即为商朝对象。	2500	1250	2	0	1	1	0	7	910206	0	0	0	0	0	0	0	0	0	0	0	0	0	0	0	0	0
141101	合浦珍珠	3	0	i00825	十分名贵的珍珠，会发出相当耀眼的光芒。	2500	1250	2	0	1	1	0	7	910104	0	0	0	0	0	0	0	0	0	0	0	0	0	0	0	0	0
141102	夜明珠	3	0	i00826	极为珍贵的宝珠，价值不斐，据说配戴者的内力运转会更为顺畅。	2500	1250	2	0	1	1	0	1	3	250	0	0	0	0	0	0	0	0	0	0	0	0	0	0	0	0
141103	武林宝典	3	0	i00408	少年英雄会的奖品。传说是英雄小虾米撰写的武学心得书，配戴可以提升出招的威力。	4000	2000	2	0	1	1	0	1	99	100	0	0	0	0	0	0	0	0	0	0	0	0	0	0	0	0
141104	月牙御守	3	0	i00425	流传自东瀛的护符，充满大和神祇的力量，据说配戴者会得到幸运。	1000	500	2	0	1	1	0	1	52	6	0	0	0	0	0	0	0	0	0	0	0	0	0	0	0	0
141105	绿山水画伞	3	0	i00426	杭州有名的画伞，多为骚人墨客、贵族千金所爱。	1250	625	2	0	1	1	0	7	910105	0	0	0	0	0	0	0	0	0	0	0	0	0	0	0	0	0
141106	丐帮布袋	3	0	i00429	丐帮中人的布袋，上头沾满油垢、污腻、鼻涕浓痰还有各种你不会想知道是什么的物事，亏得你想带在身边。	2	1	2	0	1	1	0	7	910050	0	0	0	0	0	0	0	0	0	0	0	0	0	0	0	0	0
141107	灌铅骰子	3	0	i00430	诈赌用的道具，你值得拥有。	666	333	2	0	1	1	0	7	500076	0	0	7	910106	0	0	0	0	0	0	0	0	0	0	0	0	0
141108	唤蛇笛	3	0	i00431	据说吹奏此笛可控制蛇的行动。	500	250	2	0	1	1	0	7	910051	0	0	0	0	0	0	0	0	0	0	0	0	0	0	0	0	0
141109	七彩琉璃珠	3	0	i00432	在英雄小虾米故居发现的神奇宝珠。	1000	500	2	0	1	1	0	1	45	30	0	0	0	0	0	0	0	0	0	0	0	0	0	0	0	0
141110	兽王戒	3	0	i00421	兽王庄的信物，充满万兽之王的威严，戴上去会感觉浑身充满野兽之力。	1500	750	2	0	1	1	0	1	53	6	0	0	0	0	0	0	0	0	0	0	0	0	0	0	0	0
141111	天师护符	3	0	i00419	由天师加持过的护符，具有神秘的力量，信不信由你。	500	250	2	0	1	1	0	7	910052	0	0	0	0	0	0	0	0	0	0	0	0	0	0	0	0	0
141112	玩具木剑	3	0	i00433	荆棘儿时所雕的玩具木剑。	10	5	2	0	1	1	0	1	99	50	0	0	0	0	0	0	0	0	0	0	0	0	0	0	0	0
141113	蛇雕像	3	0	i00434	蛇的雕像，配戴后可以加强破索20点。	2000	1000	2	0	1	1	0	1	46	20	0	0	0	0	0	0	0	0	0	0	0	0	0	0	0	0
141114	鱼雕像	3	0	i00435	鱼的雕像，配戴后可以加强破箭20点。	2000	1000	2	0	1	1	0	1	43	20	0	0	0	0	0	0	0	0	0	0	0	0	0	0	0	0
141115	龟雕像	3	0	i00436	龟的雕像，配戴后可以加强破枪20点。	2000	1000	2	0	1	1	0	1	48	20	0	0	0	0	0	0	0	0	0	0	0	0	0	0	0	0
141116	蟹雕像	3	0	i00437	蟹的雕像，配戴后可以加强破刀20点。	2000	1000	2	0	1	1	0	1	42	20	0	0	0	0	0	0	0	0	0	0	0	0	0	0	0	0
141117	蛙雕像	3	0	i00438	蛙的雕像，配戴后可以加强破掌20点。	2000	1000	2	0	1	1	0	1	44	20	0	0	0	0	0	0	0	0	0	0	0	0	0	0	0	0
141118	鹤雕像	3	0	i00439	鹤的雕像，配戴后可以加强破剑20点。	2000	1000	2	0	1	1	0	1	41	20	0	0	0	0	0	0	0	0	0	0	0	0	0	0	0	0
141119	接骨木魔杖	3	0	i00456	充满着不祥力量的东西，靠近它还会听到「噢…就快了，我的主人…」	2000	1000	2	0	1	1	0	7	910053	0	0	0	0	0	0	0	0	0	0	0	0	0	0	0	0	0
141120	圣火令	3	0	i00762	传说当年明教三使的令牌，上头纪载着十分诡谲的武功。	5000	2500	2	0	1	1	0	7	500014	0	0	0	0	0	0	0	0	0	0	0	0	0	0	0	0	0
141121	观音明心鼎	3	0	i00460	由峨嵋祖师郭襄赠与少林寺的宝物，在此鼎中焚香散发出的清香可以让人更加集中精神。	2500	1250	2	0	1	1	0	7	910107	0	0	0	0	0	0	0	0	0	0	0	0	0	0	0	0	0
141122	金饭碗	3	0	i00709	纯金海碗，碗中刻有「奉旨行乞」四个大字，充满了王霸之气，让你挺着腰杆子，把钱给挣了。	8888	4444	2	0	1	1	0	7	910055	0	0	0	0	0	0	0	0	0	0	0	0	0	0	0	0	0
141123	菊花	3	0	i00229	菊花淡雅宜人之花种，有花熏百草之誉。	10	5	2	0	1	1	0	7	910057	0	0	0	0	0	0	0	0	0	0	0	0	0	0	0	0	0
141124	山茶花	3	0	i00230	山茶花别名曼陀罗，大理名花。有傲雪迎春之誉。	20	10	2	0	1	1	0	7	910058	0	0	0	0	0	0	0	0	0	0	0	0	0	0	0	0	0
141125	兰花	3	0	i00231	兰花别称空谷佳人，时人誉其气清、色清、神清、韵清。	200	100	2	0	1	1	0	7	910059	0	0	0	0	0	0	0	0	0	0	0	0	0	0	0	0	0
141126	藏海花	5	0	i00232	生长在辽东藏海岛的奇花，拥有医治奇毒的神效。	1000	500	2	0	0	3	0	0	0	0	0	0	0	0	0	0	0	0	0	0	0	0	0	0	0	0
141127	火红金丹	3	0	i00228	名贵的牡丹花种，瑰艳绝代，不可方物。	1000	500	2	0	1	1	0	7	910061	0	0	0	0	0	0	0	0	0	0	0	0	0	0	0	0	0
141128	醉芙蓉	3	0	i00502	醉芙蓉为成都城花，花色一日三变，婀娜多姿，为名贵品种。	1000	500	2	0	1	1	0	7	910062	0	0	0	0	0	0	0	0	0	0	0	0	0	0	0	0	0
141129	湖笔徽墨	3	0	i00816	浙江湖州善琏镇所产之笔，及著名墨工奚超与其子延珪所研发之墨。	800	400	2	0	1	1	0	0	0	0	0	0	0	0	0	0	0	0	0	0	0	0	0	0	0	0
141130	鬼面蝎	3	0	i00730	你怎么会想把这种东西带在身边！！	3000	1500	2	0	1	1	0	0	0	0	0	0	0	0	0	0	0	0	0	0	0	0	0	0	0	0
141131	蛇王	3	0	i00815	或许你得学会爬虫语才能与它沟通。	3000	1500	2	0	1	1	0	0	0	0	0	0	0	0	0	0	0	0	0	0	0	0	0	0	0	0
141132	熊皮披风	3	0	i00091	虽然看起来威风凛凛，但我敢跟你保证，披着它上街，你将会遭到动保团体的强烈挞伐。	4000	2000	2	0	1	1	0	1	1	250	0	0	0	0	0	0	0	0	0	0	0	0	0	0	0	0
141133	巨兽头骨	3	0	i00008	不知名生物的头骨。	10000	5000	2	0	1	1	0	1	1	2000	0	0	0	0	0	0	0	0	0	0	0	0	0	0	0	0
141134	绕梁琴	3	0	i00370	仙音赠给谷月轩的寿礼，漆面裂纹至少七百年，实际上是仙音以内力加工制成。后由谷月轩转赠给萧复、水盼盼二人。	5000	2500	2	0	1	1	0	7	910074	0	0	0	0	0	0	0	0	0	0	0	0	0	0	0	0	0
141135	投名状	3	0	i00548	象征着兄弟与情义！	100	50	2	0	1	1	0	7	910064	0	0	0	0	0	0	0	0	0	0	0	0	0	0	0	0	0
141136	达摩像	3	0	i00731	以上等原木雕刻而成的佛像，充满着普渡众生的佛之气息。	5000	2500	2	0	1	1	0	7	910065	0	0	0	0	0	0	0	0	0	0	0	0	0	0	0	0	0
141137	臭垢丸	3	0	i00708	你一定是疯了才想把这种恶心玩意带在身上，爱干净的人不可能配戴这玩意儿。	2	1	2	0	1	1	0	7	910063	0	0	0	0	0	0	0	0	0	0	0	0	0	98	0	0	0
141138	西洋怀表	3	0	i00757	西方传教士带来中国的神奇物事，精巧非凡。	7000	3500	2	0	1	1	0	7	910066	0	0	0	0	0	0	0	0	0	0	0	0	0	0	0	0	0
141139	酒仙胡芦	3	0	i00132	醉仙喝酒常用的葫芦，里头散发着一股清新的酒香。配戴者可以得到飘飘欲仙状态，得以于战斗中提高回避率并恢复小额内力。	3000	1500	2	0	1	1	0	7	910005	0	0	0	0	0	0	0	0	0	0	0	0	0	0	0	0	0
141140	香包	3	0	i00614	香包多用丝绸制成，内装雄黄、熏草、艾叶等香料，可做把玩欣赏、寄情寓志之用。又因填有特殊的中药材，故兼具驱邪爽神功效。	500	250	2	0	1	1	0	7	910205	0	0	0	0	0	0	0	0	0	0	0	0	0	0	0	0	0
141141	翡翠护符	3	0	i00536	翡翠之名源于一种生活在南方的鸟，这种鸟羽毛鲜艳，雄性呈红色，名翡鸟，雌性呈绿色，名翠鸟，合称翡翠。而此护符质地细嫩而通体透彻，光泽圆润而深邃晶莹，蕴含极深厚的灵秀之气。	2500	1250	2	0	1	1	0	7	910097	0	0	0	0	0	0	0	0	0	0	0	0	0	0	0	0	0
141142	黑玉镯	3	0	i00615	乌沉沉的一只玉镯，虽然不起眼，却是刀枪不入的至宝。传说是当年神雕侠结识的奇人异士们赠与峨嵋祖师婆婆的生日贺礼。	6000	3000	2	0	1	1	0	1	41	30	0	1	42	30	0	1	43	30	0	0	0	0	0	0	0	0
141143	朱玉金簪	3	0	i00185	纯金制成的发簪，簪头镶嵌着和田红玉，形式古朴典雅，做工十分精致。	2500	1250	2	0	1	1	0	1	51	6	0	0	0	0	0	0	0	0	0	0	0	0	99	0	0	0
141144	裂开的玉镯子	3	0	i00647	一只普通的玉镯子，上面有裂痕。	50	25	2	0	1	1	0	1	51	3	0	0	0	0	0	0	0	0	0	0	0	0	0	0	0	0
141145	小还丹	4	0	i00297	战斗中可使用于我方任一人身上，令其恢复气血三成，距离2格。	1000	500	2	0	1	2	0	15	140101	0	0	0	0	0	0	0	0	0	0	0	0	0	0	0	0	0
141146	烟雾弹	4	0	i00385	战斗中可使用，使敌人目盲。	300	150	0	0	1	2	0	15	870409	0	0	0	0	0	0	0	0	0	0	0	0	0	0	0	0	0
141147	蟋蟀	5	0	i00443	猫咪的追杀目标。	10	5	2	0	0	3	1	0	0	0	0	0	0	0	0	0	0	0	0	0	0	0	0	0	0	0
141149	猫薄荷球	5	0	i00708	让猫咪疯狂的东西。	200	100	2	0	0	3	1	0	0	0	0	0	0	0	0	0	0	0	0	0	0	0	0	0	0	0
141150	兰亭序	5	0	i00160	行书，王羲之最有名的字帖。乃与好友相集于兰亭，有感而发所传之诗序。商店会高价收购此物品。	10000	5000	1	0	0	3	0	0	0	0	0	0	0	0	0	0	0	0	0	0	0	0	0	0	0	0
141151	自叙帖	5	0	i00165	唐朝怀素善草书，其狂草古今无匹。笔法如惊蛇走虺，骤雨旋风，有观止之叹。商店会高价收购此物品。	10000	5000	1	0	0	3	0	0	0	0	0	0	0	0	0	0	0	0	0	0	0	0	0	0	0	0
141152	肚痛帖	5	0	i00171	唐朝张旭作品。据说此帖是在张旭肚痛时挥毫而成，为其得意之作。商店会高价收购此物品。	10000	5000	1	0	0	3	0	0	0	0	0	0	0	0	0	0	0	0	0	0	0	0	0	0	0	0
141153	三彩武士俑	5	0	i00184	此俑造型以现实武士作为依据，表现出威猛慓悍的镇幕卫之感，为唐代佳作。商店会高价收购此物品。	10000	5000	1	0	0	3	0	0	0	0	0	0	0	0	0	0	0	0	0	0	0	0	0	0	0	0
141154	玉鱼龙	5	0	i00208	鱼身龙头，传闻中鱼龙在佛教乃是得道者的化身，所以此四鱼龙乃被视为高洁的象征。商店会高价收购此物品。	10000	5000	1	0	0	3	0	0	0	0	0	0	0	0	0	0	0	0	0	0	0	0	0	0	0	0
141155	泼墨仙人	5	0	i00241	宋人梁楷作品，大笔一挥，水墨淋漓。若非以写意风格的画法是画不出来的。商店会高价收购此物品。	10000	5000	1	0	0	3	0	0	0	0	0	0	0	0	0	0	0	0	0	0	0	0	0	0	0	0
141156	溪山行旅图	5	0	i00243	北宋范宽代表作品，大气磅礡，沉雄高古，诚辟易万人之作。商店会高价收购此物品。	10000	5000	1	0	0	3	0	0	0	0	0	0	0	0	0	0	0	0	0	0	0	0	0	0	0	0
141157	庐山高	5	0	i00240	沈周作品，笔法浑朴雄健。山石先以淡笔皴染，再用浓墨逐层提破，云光山色，极为精采。商店会高价收购此物品。	10000	5000	1	0	0	3	0	0	0	0	0	0	0	0	0	0	0	0	0	0	0	0	0	0	0	0
141158	早春图	5	0	i00234	北宋画家郭熙作品，此画对于情境气氛的掌握非常传神。商店会高价收购此物品。	10000	5000	1	0	0	3	0	0	0	0	0	0	0	0	0	0	0	0	0	0	0	0	0	0	0	0
141159	橘中秘	5	0	i00261	其中记载着象棋入门的基本棋法。商店会高价收购此物品。	10000	5000	1	0	0	3	0	0	0	0	0	0	0	0	0	0	0	0	0	0	0	0	0	0	0	0
141160	事林广纪	5	0	i00262	收集由古至今的各种残局及解法。商店会高价收购此物品。	10000	5000	1	0	0	3	0	0	0	0	0	0	0	0	0	0	0	0	0	0	0	0	0	0	0	0
141161	楞伽经	5	0	i00180	少林寺百余年前失窃的经书，夹层内藏有九阳真经心法。商店会高价收购此物品。	10000	5000	1	0	0	3	0	0	0	0	0	0	0	0	0	0	0	0	0	0	0	0	0	0	0	0
141162	法华经	5	0	i00177	全文共二十八品，前十四品说一乘之因，后十四品说一乘之果。《法华经》是佛陀释迦牟尼晚年所说的教法，被誉为「经中之王」，属于开权显实的圆融教法，经中宣讲内容至高无上，明示不分贫富贵贱，人人皆可成佛。商店会高价收购此物品。	10000	5000	1	0	0	3	0	0	0	0	0	0	0	0	0	0	0	0	0	0	0	0	0	0	0	0
141163	般若心经	5	0	i00176	阐述大乘佛教的空和般若思想的经典，又称《摩诃般若波罗密多心经》。本经是大品般若及小品般若的实相教理，是《大般若波罗蜜多经》加以浓缩后的极精简、极重要经典。	10000	5000	1	0	0	3	0	0	0	0	0	0	0	0	0	0	0	0	0	0	0	0	0	0	0	0
141164	金刚经	5	0	i00175	《金刚经》是大乘佛教般若部重要经典之一。南北朝时代的开善智藏，持诵该经，多有灵验感应，加之以禅宗后来大力弘扬，使得金刚经成为出家及在家佛教徒最多人日常早晚课诵的佛经。商店会高价收购此物品。	10000	5000	1	0	0	3	0	0	0	0	0	0	0	0	0	0	0	0	0	0	0	0	0	0	0	0
141165	维摩诘经	5	0	i00178	《维摩诘经》或称《不可思议解脱经》，是大乘佛教的佛经。该经共三卷十四品，以维摩诘居士命名。它以辩论的方式来详细说明大乘佛教与小乘佛教在教义上的分别，集中讨论不二论。	10000	5000	1	0	0	3	0	0	0	0	0	0	0	0	0	0	0	0	0	0	0	0	0	0	0	0
141166	羊脂白玉碗	5	0	i00207	使用羊脂白玉制成的酒具。羊脂白玉又称「白玉」、「羊脂玉」，为软玉中之上品，极为珍贵。商店会高价收购此物品。	10000	5000	1	0	0	3	0	0	0	0	0	0	0	0	0	0	0	0	0	0	0	0	0	0	0	0
141167	蟠龙纹盘	5	0	i00203	盘面饰龙纹蟠绕于中心，蟠龙外围有鱼纹、夔龙纹及鸟纹围绕，殷墟中期作品。商店会高价收购此物品。	10000	5000	1	0	0	3	0	0	0	0	0	0	0	0	0	0	0	0	0	0	0	0	0	0	0	0
141168	金兽	5	0	i00220	此兽为纯金打造，用以镇席四角，或做博器的压邪之器，为西汉前朝之物。商店会高价收购此物品。	10000	5000	1	0	0	3	0	0	0	0	0	0	0	0	0	0	0	0	0	0	0	0	0	0	0	0
141169	鹰形金冠饰	5	0	i00209	此纯金器由一鹰形冠式和三条带饰组成，为战国代表作。商店会高价收购此物品。	10000	5000	1	0	0	3	0	0	0	0	0	0	0	0	0	0	0	0	0	0	0	0	0	0	0	0
141170	玉辟邪	5	0	i00193	辟邪，模样像狮长双翼，具神奇威力，能辟御妖邪，为汉代之物。商店会高价收购此物品。	10000	5000	1	0	0	3	0	0	0	0	0	0	0	0	0	0	0	0	0	0	0	0	0	0	0	0
141171	青铜龙首神兽	5	0	i00202	此乃楚国贵族使用器物的器座，以激昂的龙首为前导，形成雄伟多姿的整体造型。商店会高价收购此物品。	10000	5000	1	0	0	3	0	0	0	0	0	0	0	0	0	0	0	0	0	0	0	0	0	0	0	0
141172	纯金明王像	5	0	i00217	以纯金打造之明王像，据说此明王像可消灾解厄，镇压四方妖邪。商店会高价收购此物品。	10000	5000	1	0	0	3	0	0	0	0	0	0	0	0	0	0	0	0	0	0	0	0	0	0	0	0
141173	夜光杯	5	0	i00215	所谓葡萄美酒夜光杯，欲饮琵琶马上催，夜光杯的质地更能衬出葡萄美酒鲜红的色泽，平添三分醉人香气。商店会高价收购此物品。	10000	5000	1	0	0	3	0	0	0	0	0	0	0	0	0	0	0	0	0	0	0	0	0	0	0	0
141174	白果杯	5	0	i00226	江西景德镇出品的白瓷小杯，俗称白果杯，著名茶具。商店会高价收购此物品。	10000	5000	1	0	0	3	0	0	0	0	0	0	0	0	0	0	0	0	0	0	0	0	0	0	0	0
141175	西方异金	5	0	i00833	西方的珍稀金属，表面隐隐泛着金光，坚硬的程度仅次于玄铁，却更为轻巧。商店会高价收购此物品。	10000	5000	1	0	0	3	0	0	0	0	0	0	0	0	0	0	0	0	0	0	0	0	0	0	0	0
141176	霹雳雷火弹	4	0	i00385	霹雳堂特制的炸药，可造成敌人可观的伤害。	2000	1000	0	0	1	2	0	15	871075	0	0	0	0	0	0	0	0	0	0	0	0	0	0	0	0	0
187087	麻绳	4	0	i00848	可用来捕获敌军，使敌人加入我方；目标气血一半以下，才有机会成功。	200	100	0	0	1	2	0	15	871487	0	0	0	0	0	0	0	0	0	0	0	0	0	0	0	0	0
